@relation vehicle-rm_attr_w_10p_missing-rm_inst_w_missing-rm_attr_1-weka.filters.unsupervised.attribute.Discretize-D-F-B8-M-1.0-Rfirst-last-nominal2binarysplit_minmulti.py-choose_class.py-vclasse_1

@0	item_0 = 1
@1	item_1 = 2
@2	item_2 = 3
@3	item_3 = 4
@4	item_4 = 5
@5	item_5 = 6
@6	item_6 = 7
@7	item_7 = 8
@8	item_8 = 9
@9	item_9 = 10
@10	item_10 = 11
@11	item_11 = 12
@12	item_12 = 13
@13	item_13 = 14
@14	item_14 = 15
@15	item_15 = 16
@16	item_16 = 17
@17	item_17 = 18
@18	item_18 = 19
@19	item_19 = 20
@20	item_20 = 21
@21	item_21 = 22
@22	item_22 = 23
@23	item_23 = 24
@24	item_24 = 25
@25	item_25 = 26
@26	item_26 = 27
@27	item_27 = 28
@28	item_28 = 29
@29	item_29 = 30
@30	item_30 = 31
@31	item_31 = 32
@32	item_32 = 33
@33	item_33 = 34
@34	item_34 = 35
@35	item_35 = 36
@36	item_36 = 37
@37	item_37 = 38
@38	item_38 = 39
@39	item_39 = 40
@40	item_40 = 41
@41	item_41 = 42
@42	item_42 = 43
@43	item_43 = 44
@44	item_44 = 45
@45	item_45 = 46
@46	item_46 = 47
@47	item_47 = 48
@48	item_48 = 49
@49	item_49 = 50
@50	item_50 = 51
@51	item_51 = 52
@52	item_52 = 53
@53	item_53 = 54
@54	item_54 = 55
@55	item_55 = 56
@56	item_56 = 57
@57	item_57 = 58
@class:	1='classe_1'	 0={'classe_2'}
@data

0 4 7 10 13 17 20 22 27 28 31 34 37 40 44 46 49 54 57 0
0 4 7 10 14 18 20 22 26 29 31 34 38 40 44 47 50 54 57 1
0 4 7 10 14 18 20 22 27 29 31 35 37 40 44 47 51 53 56 0
0 4 7 10 14 18 20 22 27 29 32 34 37 40 44 47 50 53 56 0
0 4 7 10 14 18 21 22 27 29 31 35 37 40 45 47 51 52 55 1
0 4 7 11 14 18 19 22 27 29 31 35 37 40 44 46 51 54 57 0
0 4 7 11 14 18 19 23 26 29 31 35 38 40 44 46 50 54 56 1
0 4 7 11 14 18 20 22 27 29 31 35 37 40 44 47 50 53 56 0
0 4 7 11 14 18 20 23 26 29 31 35 38 40 44 46 50 53 56 1
0 4 7 11 14 18 20 23 26 29 31 35 38 40 44 46 51 54 57 1
0 4 8 10 13 16 19 22 27 29 32 34 37 41 45 47 49 52 55 1
0 4 8 10 13 16 19 22 27 29 32 34 37 41 45 47 50 52 55 0
0 4 8 10 13 16 19 22 27 29 32 34 37 41 45 47 50 52 55 1
0 4 8 10 13 16 19 22 27 29 32 35 37 41 45 46 49 52 55 1
0 4 8 10 13 16 19 22 27 29 32 35 37 41 45 47 50 52 55 1
0 4 8 10 13 16 19 22 27 29 32 35 37 41 45 47 50 52 55 0
0 4 8 10 13 16 19 23 27 29 32 34 37 41 45 46 50 52 55 1
0 4 8 10 13 16 19 23 27 29 32 34 38 41 45 47 50 52 55 0
0 4 8 10 13 16 19 23 27 29 32 35 37 41 45 46 50 52 55 1
0 4 8 10 13 16 19 23 27 29 32 35 38 41 45 47 49 52 55 1
0 4 8 10 13 16 19 23 27 29 32 35 38 41 45 47 49 52 55 1
0 4 8 10 13 16 19 23 27 29 32 35 38 41 45 47 50 52 55 1
0 4 8 10 13 16 20 22 27 29 32 34 37 41 45 46 49 52 55 0
0 4 8 10 13 16 20 22 27 29 32 34 37 41 45 47 49 52 55 0
0 4 8 10 13 16 20 22 27 29 32 34 37 41 45 47 50 52 55 1
0 4 8 10 13 16 20 22 27 29 32 34 37 41 45 47 51 52 55 1
0 4 8 10 13 16 20 22 27 29 32 34 37 41 45 48 50 52 55 0
0 4 8 10 13 16 20 22 27 29 32 34 37 42 45 47 49 52 55 0
0 4 8 10 13 16 20 22 27 29 32 35 37 41 45 47 49 52 55 1
0 4 8 10 13 16 20 22 27 29 32 35 37 42 45 46 50 52 55 0
0 4 8 10 13 16 20 22 27 29 32 35 37 42 45 48 49 52 55 1
0 4 8 10 13 16 20 23 26 29 32 35 38 41 45 46 49 52 55 0
0 4 8 10 13 16 20 23 26 29 32 35 38 41 45 47 50 52 55 1
0 4 8 10 13 16 20 23 26 29 32 35 38 42 45 46 50 52 55 0
0 4 8 10 13 16 20 23 27 29 31 35 37 41 45 46 50 52 55 0
0 4 8 10 13 16 20 23 27 29 32 34 37 41 45 46 49 52 55 1
0 4 8 10 13 16 20 23 27 29 32 34 37 41 45 46 49 52 55 0
0 4 8 10 13 16 20 23 27 29 32 34 37 41 45 46 50 52 55 1
0 4 8 10 13 16 20 23 27 29 32 34 37 41 45 47 50 52 55 1
0 4 8 10 13 16 20 23 27 29 32 34 37 41 45 47 50 52 55 0
0 4 8 10 13 16 20 23 27 29 32 34 37 41 45 48 50 52 55 1
0 4 8 10 13 16 20 23 27 29 32 34 38 41 45 47 51 52 55 0
0 4 8 10 13 16 20 23 27 29 32 35 37 41 45 47 50 52 55 0
0 4 8 10 13 16 20 23 27 29 32 35 37 41 45 47 50 52 55 1
0 4 8 10 13 16 20 23 27 29 32 35 37 41 45 48 50 52 55 1
0 4 8 10 13 16 20 23 27 29 32 35 38 41 45 46 50 52 55 1
0 4 8 10 13 16 20 23 27 29 32 35 38 41 45 46 51 52 55 0
0 4 8 10 13 16 20 23 27 29 32 35 38 42 45 46 50 52 55 0
0 4 8 10 13 16 20 23 27 29 32 35 38 42 45 47 51 52 55 1
0 4 8 10 13 17 19 22 27 29 32 35 37 41 45 47 49 52 55 1
0 4 8 10 13 17 19 23 26 29 32 35 38 41 45 46 50 52 55 0
0 4 8 10 13 17 19 23 26 29 32 35 38 41 45 47 49 52 55 1
0 4 8 10 13 17 20 22 27 29 32 34 37 41 45 47 49 52 55 1
0 4 8 10 13 17 20 22 27 29 32 35 37 40 45 47 50 52 55 0
0 4 8 10 13 17 20 22 27 29 32 35 37 41 45 46 49 52 55 0
0 4 8 10 13 17 20 22 27 29 32 35 37 41 45 46 50 52 55 0
0 4 8 10 13 17 20 22 27 29 32 35 37 41 45 47 51 52 55 0
0 4 8 10 13 17 20 23 26 29 32 35 38 41 45 46 49 52 55 1
0 4 8 10 13 17 20 23 26 29 32 35 38 41 45 46 50 52 55 0
0 4 8 10 13 17 20 23 26 29 32 35 38 42 45 46 50 52 55 1
0 4 8 10 13 17 20 23 27 29 32 34 38 41 45 46 50 52 55 1
0 4 8 10 13 17 20 23 27 29 32 35 37 41 45 47 50 52 55 0
0 4 8 10 13 17 20 23 27 29 32 35 37 41 45 47 50 52 55 1
0 4 8 10 13 17 20 23 27 29 32 35 38 42 45 46 49 52 55 0
0 4 8 10 13 18 19 22 27 29 32 34 37 41 45 46 49 52 55 0
0 4 8 10 13 18 19 22 27 29 32 34 37 41 45 47 49 52 55 0
0 4 8 10 13 18 19 22 27 29 32 35 37 41 45 48 49 52 55 1
0 4 8 10 13 18 19 23 26 29 32 35 38 42 45 47 49 52 55 0
0 4 8 10 13 18 20 22 27 29 32 34 37 41 45 46 50 52 55 1
0 4 8 10 13 18 20 22 27 29 32 35 38 41 45 47 49 52 55 1
0 4 8 10 13 18 20 23 27 29 32 35 37 41 45 46 49 52 55 1
0 4 8 10 14 17 20 22 27 28 32 34 37 41 43 47 50 54 57 1
0 4 8 10 14 17 20 23 26 29 32 35 38 41 45 47 50 53 55 0
0 4 8 10 14 18 19 22 27 28 32 34 37 41 44 47 49 53 56 0
0 4 8 10 14 18 19 22 27 29 32 34 37 41 44 46 49 52 55 0
0 4 8 10 14 18 19 22 27 29 32 34 37 41 44 47 49 54 57 0
0 4 8 10 14 18 19 22 27 29 32 34 37 41 45 47 49 52 55 1
0 4 8 10 14 18 19 22 27 29 32 35 37 42 44 48 50 53 55 0
0 4 8 10 14 18 19 23 26 29 32 35 38 42 44 46 49 53 55 1
0 4 8 10 14 18 19 23 26 29 32 35 38 42 45 46 50 52 55 0
0 4 8 10 14 18 19 23 26 29 32 35 38 42 45 47 49 52 55 0
0 4 8 10 14 18 20 22 27 29 32 34 37 41 44 47 49 53 56 0
0 4 8 10 14 18 20 22 27 29 32 34 37 41 44 47 49 53 56 1
0 4 8 10 14 18 20 22 27 29 32 35 38 41 45 46 49 52 55 0
0 4 8 10 14 18 20 23 26 29 32 35 38 41 45 46 51 52 55 1
0 4 8 10 14 18 20 23 26 29 32 35 38 41 45 47 50 52 55 1
0 4 8 10 14 18 20 23 27 29 32 35 37 41 45 47 50 52 55 1
0 4 8 10 14 18 20 23 27 29 32 35 38 41 45 47 49 52 55 1
0 4 8 10 14 18 21 23 26 29 32 35 38 41 45 46 50 53 55 1
0 4 8 10 14 18 21 23 27 29 32 35 38 42 45 46 50 52 55 0
0 4 8 10 15 18 21 22 27 29 32 36 37 41 45 46 49 52 55 0
0 4 8 10 15 18 21 22 27 29 32 36 37 42 45 48 50 52 55 1
0 4 8 11 13 16 19 23 27 29 32 35 38 42 45 48 50 52 55 0
0 4 8 11 13 17 19 22 27 29 32 34 37 41 45 47 49 52 55 0
0 4 8 11 13 17 20 23 26 29 32 35 38 42 45 47 50 52 55 1
0 4 8 11 14 17 19 22 26 29 32 35 38 41 44 47 49 53 56 1
0 4 8 11 14 18 19 23 26 29 31 35 38 40 45 47 50 53 56 0
0 4 8 11 14 18 19 23 26 29 32 35 38 41 45 46 49 52 55 0
0 4 8 11 14 18 19 23 26 29 32 35 38 42 44 47 50 53 56 1
0 4 8 11 14 18 19 23 26 29 32 35 38 42 45 47 49 53 56 0
0 4 8 11 14 18 20 23 26 29 32 35 38 40 45 46 51 53 56 0
0 4 8 11 14 18 20 23 26 29 32 35 38 41 45 46 51 52 55 0
0 4 8 11 14 18 20 23 26 29 32 35 38 41 45 47 50 52 55 1
0 4 8 11 14 18 20 23 26 29 32 35 38 41 45 47 50 52 55 1
0 5 9 11 14 18 20 23 26 29 33 35 38 42 44 47 50 54 57 1
0 5 9 11 15 18 19 23 26 29 32 35 38 42 44 47 49 54 57 0
0 5 9 11 15 18 20 23 26 29 33 35 38 42 44 46 50 54 57 1
0 5 9 12 15 17 19 24 25 30 32 36 39 42 45 47 51 53 55 0
0 5 7 10 14 17 20 22 27 29 31 35 37 40 44 47 50 54 56 0
0 5 7 10 14 18 20 23 26 29 31 34 38 40 43 46 51 54 57 1
0 5 7 10 14 18 20 23 26 29 31 35 38 40 44 46 51 54 56 0
0 5 7 10 15 18 19 23 26 29 31 35 38 40 44 46 50 54 57 1
0 5 7 11 14 18 19 22 26 29 31 35 38 40 44 46 51 54 57 0
0 5 7 11 14 18 19 23 26 29 31 35 38 40 43 46 50 54 57 1
0 5 7 11 14 18 19 23 26 29 31 35 38 40 44 46 49 53 56 0
0 5 7 11 14 18 19 23 26 29 31 35 38 40 44 46 49 54 57 0
0 5 7 11 14 18 19 23 26 29 31 35 38 40 44 47 50 54 57 1
0 5 7 11 14 18 19 23 26 29 31 35 38 40 45 46 49 54 56 1
0 5 7 11 14 18 20 22 26 29 31 34 38 40 43 47 51 54 57 0
0 5 7 11 14 18 20 23 26 29 31 34 38 40 43 46 49 54 57 1
0 5 7 11 14 18 20 23 26 29 31 35 38 40 43 46 50 54 57 0
0 5 7 11 14 18 20 23 26 29 31 35 38 40 43 46 51 54 57 1
0 5 7 11 14 18 20 23 26 29 31 35 38 40 44 47 49 54 57 1
0 5 7 11 14 18 20 23 26 29 31 35 38 40 45 47 50 53 56 0
0 5 7 11 15 18 19 23 26 29 31 35 38 40 44 46 49 54 57 0
0 5 7 11 15 18 19 23 26 29 31 35 38 40 44 46 50 54 57 0
0 5 7 11 15 18 19 23 26 29 31 35 38 40 44 46 51 54 57 0
0 5 7 11 15 18 19 23 26 29 31 35 38 40 45 46 49 54 57 1
0 5 7 11 15 18 20 23 26 29 31 35 38 40 44 46 50 54 56 0
0 5 8 10 13 16 20 23 27 29 32 35 37 42 45 47 49 52 55 1
0 5 8 10 13 16 20 23 27 29 32 35 38 41 45 46 50 52 55 1
0 5 8 10 13 17 20 22 27 29 32 35 37 40 45 46 49 53 55 0
0 5 8 10 14 18 19 22 27 28 32 34 37 41 43 48 50 54 57 0
0 5 8 10 14 18 19 22 27 28 32 34 37 41 43 48 50 54 57 1
0 5 8 10 14 18 19 22 27 29 32 34 37 41 43 47 49 54 57 1
0 5 8 10 14 18 19 23 26 29 32 35 38 42 44 47 49 54 56 1
0 5 8 10 14 18 20 22 26 29 31 34 37 41 43 47 49 54 57 1
0 5 8 10 14 18 20 22 27 29 32 34 37 41 44 48 49 53 56 0
0 5 8 10 14 18 20 23 26 29 32 34 38 41 43 48 49 54 57 0
0 5 8 10 14 18 20 23 26 29 32 35 38 41 43 47 49 54 57 1
0 5 8 10 15 18 19 23 26 29 32 35 38 41 44 48 50 54 57 1
0 5 8 10 15 18 19 23 26 29 32 35 38 42 44 47 50 54 57 0
0 5 8 10 15 18 20 23 26 29 32 35 38 41 43 47 50 54 57 0
0 5 8 11 14 16 19 24 25 29 32 36 39 41 45 46 49 54 56 0
0 5 8 11 14 17 20 24 25 29 32 36 39 42 45 47 49 54 55 1
0 5 8 11 14 18 19 23 26 29 32 35 38 41 43 48 49 54 57 1
0 5 8 11 14 18 20 23 26 29 32 35 38 41 44 48 49 54 57 0
0 5 8 11 14 18 20 23 26 29 32 35 38 42 44 47 50 54 57 1
0 5 8 11 15 18 19 23 25 29 32 36 39 40 44 47 51 54 56 1
0 5 8 11 15 18 19 23 26 29 31 35 38 40 43 46 51 54 57 1
0 5 8 11 15 18 19 23 26 29 31 35 38 41 43 47 49 54 56 0
0 5 8 11 15 18 19 23 26 29 31 35 38 41 44 46 50 54 57 1
0 5 8 11 15 18 19 23 26 29 32 35 38 41 44 47 51 54 57 1
0 5 8 11 15 18 19 23 26 29 32 35 38 42 44 47 50 54 57 0
0 5 8 11 15 18 19 24 25 29 32 35 39 41 44 47 50 54 56 1
0 5 8 11 15 18 20 23 25 29 32 35 39 41 44 46 49 54 56 0
0 5 8 11 15 18 20 23 26 29 32 35 38 41 44 47 49 54 57 1
0 5 8 11 15 18 20 23 26 29 32 35 38 41 44 48 51 54 57 0
0 5 8 11 15 18 20 23 26 29 32 35 38 42 44 47 51 54 57 1
0 6 9 11 14 16 19 24 25 30 32 36 39 42 45 46 51 53 55 0
0 6 9 11 15 17 19 24 25 29 33 36 39 42 45 47 51 53 55 0
0 6 9 11 15 18 19 23 25 29 32 35 39 41 45 47 50 54 56 1
0 6 9 11 15 18 19 23 25 29 33 36 39 42 44 46 50 54 57 1
0 6 9 11 15 18 19 24 25 29 33 36 39 42 45 47 49 54 56 1
0 6 9 11 15 18 19 24 25 29 33 36 39 42 45 47 49 54 56 1
0 6 9 11 15 18 19 24 25 29 33 36 39 42 45 47 50 54 56 1
0 6 9 11 15 18 19 24 25 29 33 36 39 42 45 47 51 54 56 1
0 6 9 11 15 18 20 23 25 29 33 35 39 42 44 48 50 54 57 0
0 6 9 11 15 18 20 24 25 29 32 36 39 42 45 47 50 54 56 1
0 6 9 12 14 16 19 24 25 30 33 36 39 42 45 46 51 52 55 1
0 6 9 12 14 16 19 24 25 30 33 36 39 42 45 47 50 52 55 1
0 6 9 12 14 16 19 24 25 30 33 36 39 42 45 47 50 52 55 1
0 6 9 12 14 16 19 24 25 30 33 36 39 42 45 47 50 52 55 1
0 6 9 12 14 16 19 24 25 30 33 36 39 42 45 47 50 53 55 0
0 6 9 12 14 16 19 24 25 30 33 36 39 42 45 47 51 52 55 1
0 6 9 12 14 16 19 24 25 30 33 36 39 42 45 47 51 52 55 0
0 6 9 12 14 16 19 24 25 30 33 36 39 42 45 48 49 52 55 0
0 6 9 12 14 16 19 24 25 30 33 36 39 42 45 48 49 52 55 1
0 6 9 12 14 16 19 24 25 30 33 36 39 42 45 48 50 52 55 0
0 6 9 12 14 16 19 24 25 30 33 36 39 42 45 48 50 52 55 1
0 6 9 12 14 16 20 24 25 30 33 36 39 42 45 46 51 52 55 0
0 6 9 12 14 16 20 24 25 30 33 36 39 42 45 46 51 52 55 0
0 6 9 12 14 16 20 24 25 30 33 36 39 42 45 47 50 53 55 0
0 6 9 12 14 16 20 24 25 30 33 36 39 42 45 47 51 52 55 0
0 6 9 12 14 16 20 24 25 30 33 36 39 42 45 48 51 53 55 1
0 6 9 12 15 16 19 24 25 30 33 36 39 42 45 47 50 52 55 0
0 6 9 12 15 16 19 24 25 30 33 36 39 42 45 48 50 52 55 1
0 6 9 12 15 16 19 24 25 30 33 36 39 42 45 48 51 52 55 0
0 6 9 12 15 16 20 24 25 30 33 36 39 42 45 47 50 52 55 0
0 6 9 12 15 17 19 24 25 30 33 36 39 42 45 46 51 53 55 0
0 6 9 12 15 17 19 24 25 30 33 36 39 42 45 47 50 53 55 0
0 6 9 12 15 17 19 24 25 30 33 36 39 42 45 47 50 53 55 0
0 6 9 12 15 17 19 24 25 30 33 36 39 42 45 48 50 53 55 0
0 6 9 12 15 17 20 24 25 30 33 36 39 42 45 46 49 53 55 0
0 6 9 12 15 18 19 24 25 29 33 36 39 42 45 47 50 54 55 1
0 6 9 12 15 18 19 24 25 30 33 36 39 42 45 47 49 52 55 1
0 6 9 12 15 18 19 24 25 30 33 36 39 42 45 47 50 52 55 1
0 6 9 12 15 18 19 24 25 30 33 36 39 42 45 47 50 53 55 0
0 6 9 12 15 18 19 24 25 30 33 36 39 42 45 47 51 52 55 0
0 6 9 12 15 18 19 24 25 30 33 36 39 42 45 48 49 54 55 0
0 6 9 12 15 18 19 24 25 30 33 36 39 42 45 48 50 53 55 1
0 6 9 12 15 18 19 24 25 30 33 36 39 42 45 48 51 52 55 1
0 6 9 12 15 18 20 24 25 29 32 36 39 42 44 47 50 54 56 0
0 6 7 10 14 18 19 23 26 29 31 35 38 40 44 46 51 54 57 0
0 6 7 10 14 18 19 23 26 29 31 35 38 40 44 46 51 54 57 0
0 6 7 10 15 18 19 23 26 29 31 35 38 40 44 46 49 54 57 1
0 6 7 11 14 17 19 23 26 29 31 35 38 40 44 47 51 54 57 1
0 6 7 11 14 18 19 23 26 29 31 35 38 40 44 46 51 54 57 0
0 6 7 11 15 18 19 23 26 29 31 35 38 40 44 47 50 54 57 0
0 6 7 11 15 18 19 23 26 29 31 35 38 40 44 47 51 54 56 0
0 6 7 11 15 18 19 23 26 29 31 35 38 40 44 47 51 54 57 1
0 6 8 10 14 18 19 22 26 29 31 34 38 41 43 47 50 54 57 1
0 6 8 10 14 18 20 23 26 29 32 35 38 41 43 48 49 54 57 0
0 6 8 11 15 17 19 24 25 29 32 36 39 41 44 46 51 54 56 0
0 6 8 11 15 18 19 24 25 29 32 36 39 41 45 46 51 54 55 0
0 6 8 11 15 18 19 24 25 29 32 36 39 41 45 47 50 54 56 1
0 6 8 11 15 18 20 23 26 29 32 35 38 41 44 48 50 54 57 0
0 6 8 12 15 18 19 24 25 29 32 36 39 42 45 47 50 54 55 0
1 4 9 11 15 18 20 23 26 29 32 35 38 42 43 48 50 54 57 1
1 4 7 10 13 16 19 22 27 28 31 34 37 40 45 46 49 52 55 1
1 4 7 10 13 16 19 22 27 28 31 34 37 40 45 46 50 52 55 1
1 4 7 10 13 16 19 22 27 28 31 34 37 40 45 46 50 52 55 0
1 4 7 10 13 16 19 22 27 28 31 34 37 40 45 46 51 52 55 0
1 4 7 10 13 16 19 22 27 28 31 34 37 40 45 47 49 52 55 1
1 4 7 10 13 16 19 22 27 28 31 34 37 40 45 47 49 52 55 0
1 4 7 10 13 16 19 22 27 28 31 34 37 40 45 47 50 52 55 1
1 4 7 10 13 16 19 22 27 28 31 34 37 41 44 48 49 53 55 0
1 4 7 10 13 16 19 23 26 29 31 35 38 41 45 48 49 52 55 1
1 4 7 10 13 16 20 22 27 28 31 34 37 40 43 46 51 53 56 0
1 4 7 10 13 16 20 22 27 28 31 34 37 40 43 48 50 54 57 1
1 4 7 10 13 16 20 22 27 28 31 34 37 40 44 46 51 52 55 0
1 4 7 10 13 16 20 22 27 28 31 34 37 40 44 46 51 52 56 1
1 4 7 10 13 16 20 22 27 28 31 34 37 40 45 47 51 52 55 1
1 4 7 10 13 16 20 22 27 28 31 34 37 41 45 46 49 52 55 0
1 4 7 10 13 16 20 22 27 29 31 34 37 40 45 47 51 52 55 1
1 4 7 10 13 16 20 23 27 29 31 34 37 41 45 48 49 52 55 1
1 4 7 10 13 17 19 22 27 28 31 34 37 40 44 47 50 52 55 0
1 4 7 10 13 17 19 22 27 28 31 34 37 40 45 46 49 52 55 0
1 4 7 10 13 17 19 22 27 28 31 34 37 40 45 46 51 52 55 1
1 4 7 10 13 17 19 22 27 28 31 34 37 40 45 48 49 52 55 0
1 4 7 10 13 17 19 22 27 28 31 34 37 40 45 48 49 52 55 0
1 4 7 10 13 17 19 22 27 28 31 34 37 40 45 48 51 52 55 1
1 4 7 10 13 17 20 22 27 28 31 34 37 40 43 46 49 54 57 0
1 4 7 10 13 17 20 22 27 28 31 34 37 40 45 46 51 52 55 1
1 4 7 10 14 16 19 22 27 28 31 34 37 40 43 48 51 54 57 1
1 4 7 11 13 16 20 22 27 28 31 34 37 40 44 48 51 52 55 1
1 4 7 11 13 16 20 22 27 29 31 34 37 40 43 48 51 54 57 0
1 4 7 11 13 16 20 22 27 29 31 35 37 40 45 47 51 52 56 1
1 4 7 11 13 16 20 23 26 29 31 35 38 40 44 48 50 53 55 1
1 4 7 11 13 16 20 23 26 29 31 35 38 40 45 46 51 52 55 1
1 4 7 11 13 16 20 23 26 29 31 35 38 40 45 48 50 52 55 1
1 4 7 11 13 16 20 23 27 29 31 35 38 40 44 48 51 52 55 0
1 4 7 11 13 17 19 22 27 28 31 34 37 41 44 46 51 52 55 1
1 4 7 11 13 17 19 22 27 29 31 34 37 40 45 48 51 52 55 1
1 4 7 11 14 16 20 23 26 29 31 35 38 40 43 46 50 54 56 0
1 4 7 11 14 17 19 22 27 28 31 34 37 40 43 47 51 54 57 0
1 4 7 11 14 17 20 23 26 29 31 35 38 40 43 46 51 53 57 0
1 4 7 11 14 17 20 23 26 29 31 35 38 40 43 46 51 54 57 0
1 4 7 11 14 17 20 23 26 29 31 35 38 40 43 47 51 54 57 1
1 4 7 11 14 17 20 23 26 29 31 35 38 40 44 47 51 53 56 1
1 4 7 11 14 17 20 23 27 29 31 35 38 40 44 46 51 52 56 1
1 4 7 11 15 18 20 23 26 29 31 35 38 40 45 46 51 53 55 0
1 4 7 12 14 17 20 23 26 29 31 36 38 40 44 47 51 53 56 1
1 4 8 10 13 16 20 22 27 29 32 34 37 41 43 47 51 53 56 0
1 4 8 11 14 17 19 23 26 29 32 35 38 41 43 48 50 54 57 1
1 4 8 11 14 17 20 23 26 29 32 35 38 41 44 46 49 53 56 1
1 4 8 11 14 17 20 23 26 29 32 35 38 41 44 48 49 53 55 1
1 4 8 11 14 17 20 23 26 29 32 35 38 41 45 48 50 52 55 1
1 4 8 12 15 18 21 24 25 29 32 36 39 41 44 46 51 53 56 0
1 5 9 11 14 17 20 23 26 29 32 35 38 42 43 48 49 54 57 0
1 5 9 11 15 17 20 23 26 29 33 35 38 42 43 47 49 54 56 0
1 5 9 11 15 18 19 23 26 29 33 36 38 42 44 46 49 53 56 0
1 5 9 12 14 16 21 24 25 30 33 36 39 42 45 46 49 52 56 0
1 5 9 12 14 16 21 24 25 30 33 36 39 42 45 46 49 52 56 0
1 5 9 12 14 17 21 24 25 30 33 36 39 42 45 48 51 53 56 0
1 5 9 12 15 17 20 23 26 29 33 35 39 42 43 48 50 54 57 1
1 5 9 12 15 17 20 24 25 29 33 36 39 42 43 48 49 53 56 0
1 5 9 12 15 17 20 24 25 29 33 36 39 42 44 46 49 53 57 0
1 5 9 12 15 17 21 23 26 29 32 35 38 41 43 46 49 54 57 1
1 5 9 12 15 17 21 24 25 30 33 36 39 42 45 47 51 52 56 0
1 5 9 12 15 18 20 24 25 29 32 36 39 42 45 47 50 53 56 1
1 5 9 12 15 18 20 24 25 29 33 36 39 42 43 48 51 54 57 1
1 5 9 12 15 18 20 24 25 29 33 36 39 42 44 46 49 53 56 0
1 5 9 12 15 18 20 24 25 29 33 36 39 42 45 47 49 53 56 1
1 5 9 12 15 18 21 24 25 29 33 36 39 41 43 46 50 54 57 0
1 5 9 12 15 18 21 24 25 30 33 36 39 42 44 47 51 53 56 1
1 5 9 12 15 18 21 24 25 30 33 36 39 42 44 48 51 53 56 0
1 5 9 12 15 18 21 24 25 30 33 36 39 42 45 46 49 53 56 1
1 5 7 10 13 16 20 22 27 28 31 34 37 40 43 46 51 54 57 1
1 5 7 10 13 16 20 22 27 28 31 34 37 40 43 47 51 54 57 0
1 5 7 10 13 16 20 22 27 28 31 34 37 40 44 46 49 53 55 0
1 5 7 10 13 17 19 22 27 28 31 34 37 40 43 48 49 54 57 0
1 5 7 10 14 17 19 22 27 28 31 34 37 40 43 47 50 54 57 0
1 5 7 10 14 17 20 22 26 29 31 34 38 40 43 47 51 54 57 0
1 5 7 10 14 17 20 22 27 29 31 34 37 40 43 46 49 54 57 1
1 5 7 11 13 16 20 22 27 28 31 34 37 41 43 46 49 54 56 0
1 5 7 11 13 16 20 22 27 29 31 35 37 40 45 48 49 52 55 0
1 5 7 11 14 16 20 23 26 29 31 35 38 40 44 48 50 53 56 1
1 5 7 11 14 17 20 22 27 29 31 34 37 40 44 46 50 53 56 1
1 5 7 11 14 17 20 23 26 29 31 35 38 40 43 46 51 54 57 0
1 5 7 11 14 17 20 23 26 29 31 35 38 40 43 47 49 54 57 0
1 5 7 11 14 17 20 23 26 29 31 35 38 40 43 47 51 54 57 1
1 5 7 11 14 17 20 23 26 29 31 35 38 40 43 47 51 54 57 1
1 5 7 11 14 17 20 23 26 29 31 35 38 40 44 46 49 53 55 1
1 5 7 11 14 17 20 23 26 29 31 35 38 40 44 46 50 53 56 0
1 5 7 11 14 17 20 23 26 29 31 35 38 40 44 46 51 53 56 1
1 5 7 11 14 17 20 23 26 29 31 35 38 40 45 46 51 52 55 1
1 5 7 11 14 17 20 23 27 29 31 35 38 40 43 46 51 53 56 0
1 5 7 11 14 18 20 23 26 29 31 35 38 40 43 46 51 54 56 0
1 5 7 11 15 17 20 23 26 29 31 35 38 40 43 47 51 54 57 0
1 5 7 12 15 17 20 23 26 29 31 35 38 40 43 46 51 54 57 0
1 5 7 12 15 17 21 23 26 29 31 35 38 40 43 47 49 54 57 1
1 5 7 12 15 18 20 23 26 29 31 35 39 40 43 48 51 54 57 0
1 5 8 10 14 16 20 22 26 29 32 35 38 41 43 48 51 54 57 0
1 5 8 10 14 17 20 22 27 28 31 34 37 40 43 48 51 54 57 0
1 5 8 11 13 16 19 22 27 29 31 35 37 41 44 48 51 53 56 1
1 5 8 11 13 16 19 22 27 29 32 35 38 41 43 48 50 53 56 1
1 5 8 11 14 16 19 23 26 29 32 35 38 41 43 48 49 54 56 1
1 5 8 11 14 16 20 23 26 29 32 35 38 42 44 48 50 53 56 1
1 5 8 11 14 17 20 22 27 29 32 35 37 41 43 48 50 54 57 0
1 5 8 11 14 17 20 23 26 29 32 35 38 41 43 47 50 54 57 0
1 5 8 11 14 17 20 23 26 29 32 35 38 41 43 48 49 54 56 1
1 5 8 11 14 17 20 23 26 29 32 35 38 41 43 48 51 54 57 1
1 5 8 11 14 17 20 23 26 29 32 35 38 42 43 48 50 53 56 1
1 5 8 11 14 17 20 23 26 29 32 35 38 42 43 48 50 54 57 1
1 5 8 11 14 17 20 23 26 29 32 35 38 42 44 48 49 53 55 0
1 5 8 11 14 18 20 23 26 29 32 35 38 41 43 46 50 53 56 0
1 5 8 11 14 18 20 23 26 29 32 35 38 41 44 48 49 54 56 0
1 5 8 11 15 17 21 23 26 29 32 36 39 41 44 46 50 53 56 0
1 5 8 11 15 18 19 23 26 29 32 35 38 41 43 48 50 54 57 1
1 5 8 12 15 18 20 23 26 29 32 35 38 40 43 46 51 54 57 1
1 5 8 12 15 18 20 24 25 29 32 36 39 41 43 46 51 53 57 1
1 5 8 12 15 18 20 24 25 29 32 36 39 42 44 47 50 53 56 0
1 5 8 12 15 18 20 24 25 29 32 36 39 42 44 47 51 53 57 0
1 5 8 12 15 18 21 24 25 29 32 36 39 41 44 47 51 53 56 1
1 5 8 12 15 18 21 24 25 29 32 36 39 42 44 46 50 53 56 1
1 5 8 12 15 18 21 24 25 29 32 36 39 42 44 47 49 53 56 1
1 6 9 11 15 18 21 23 25 29 33 36 39 42 43 48 50 54 57 0
1 6 9 12 14 16 20 24 25 30 33 36 39 42 45 47 49 53 56 0
1 6 9 12 14 16 21 24 25 29 33 36 39 42 43 48 51 54 57 1
1 6 9 12 14 16 21 24 25 29 33 36 39 42 44 47 51 53 56 0
1 6 9 12 14 16 21 24 25 30 33 36 39 41 43 46 50 53 57 0
1 6 9 12 14 16 21 24 25 30 33 36 39 42 43 47 49 53 56 0
1 6 9 12 14 16 21 24 25 30 33 36 39 42 43 47 51 53 57 1
1 6 9 12 14 16 21 24 25 30 33 36 39 42 44 46 49 53 56 0
1 6 9 12 14 16 21 24 25 30 33 36 39 42 44 46 51 53 56 1
1 6 9 12 14 16 21 24 25 30 33 36 39 42 44 46 51 53 56 0
1 6 9 12 14 16 21 24 25 30 33 36 39 42 44 47 50 52 56 0
1 6 9 12 14 16 21 24 25 30 33 36 39 42 44 47 50 53 56 0
1 6 9 12 14 16 21 24 25 30 33 36 39 42 44 47 51 53 56 0
1 6 9 12 14 16 21 24 25 30 33 36 39 42 44 47 51 53 56 1
1 6 9 12 14 16 21 24 25 30 33 36 39 42 44 48 49 53 56 0
1 6 9 12 14 16 21 24 25 30 33 36 39 42 45 46 49 52 55 0
1 6 9 12 14 16 21 24 25 30 33 36 39 42 45 47 50 53 56 1
1 6 9 12 14 16 21 24 25 30 33 36 39 42 45 48 50 53 56 0
1 6 9 12 14 16 21 24 25 30 33 36 39 42 45 48 51 53 56 1
1 6 9 12 14 16 21 24 25 30 33 36 39 42 45 48 51 53 56 0
1 6 9 12 14 17 21 24 25 30 33 36 39 42 44 46 51 53 56 1
1 6 9 12 14 17 21 24 25 30 33 36 39 42 44 48 51 53 56 0
1 6 9 12 14 17 21 24 25 30 33 36 39 42 45 48 50 53 56 0
1 6 9 12 14 17 21 24 25 30 33 36 39 42 45 48 51 53 56 0
1 6 9 12 15 16 21 24 25 30 33 36 39 41 43 46 51 54 57 1
1 6 9 12 15 16 21 24 25 30 33 36 39 41 43 47 51 53 57 0
1 6 9 12 15 16 21 24 25 30 33 36 39 42 44 46 51 53 57 0
1 6 9 12 15 16 21 24 25 30 33 36 39 42 44 47 51 53 56 0
1 6 9 12 15 17 20 24 25 29 33 35 39 41 43 46 49 54 57 1
1 6 9 12 15 17 20 24 25 29 33 36 39 41 43 47 49 54 57 1
1 6 9 12 15 17 20 24 25 29 33 36 39 42 43 47 49 53 56 1
1 6 9 12 15 17 20 24 25 29 33 36 39 42 43 48 50 54 57 0
1 6 9 12 15 17 20 24 25 29 33 36 39 42 43 48 51 54 57 0
1 6 9 12 15 17 20 24 25 29 33 36 39 42 44 46 50 53 56 0
1 6 9 12 15 17 21 23 26 29 33 35 39 41 43 48 50 54 57 1
1 6 9 12 15 17 21 24 25 29 32 36 39 42 44 47 50 53 56 1
1 6 9 12 15 17 21 24 25 29 33 36 39 41 43 47 51 54 57 1
1 6 9 12 15 17 21 24 25 29 33 36 39 41 43 48 51 54 57 1
1 6 9 12 15 17 21 24 25 29 33 36 39 42 43 46 49 54 57 1
1 6 9 12 15 17 21 24 25 29 33 36 39 42 43 48 49 54 57 0
1 6 9 12 15 17 21 24 25 30 33 36 39 42 43 46 51 53 57 0
1 6 9 12 15 17 21 24 25 30 33 36 39 42 43 47 49 53 57 1
1 6 9 12 15 17 21 24 25 30 33 36 39 42 44 46 49 53 56 1
1 6 9 12 15 17 21 24 25 30 33 36 39 42 44 46 50 53 56 1
1 6 9 12 15 17 21 24 25 30 33 36 39 42 44 47 51 53 56 0
1 6 9 12 15 17 21 24 25 30 33 36 39 42 44 48 49 53 56 0
1 6 9 12 15 17 21 24 25 30 33 36 39 42 44 48 49 53 56 0
1 6 9 12 15 17 21 24 25 30 33 36 39 42 44 48 50 53 56 0
1 6 9 12 15 17 21 24 25 30 33 36 39 42 44 48 50 53 56 0
1 6 9 12 15 17 21 24 25 30 33 36 39 42 44 48 51 53 56 1
1 6 9 12 15 17 21 24 25 30 33 36 39 42 44 48 51 53 56 0
1 6 9 12 15 17 21 24 25 30 33 36 39 42 45 47 51 53 57 1
1 6 9 12 15 18 20 24 25 30 33 36 39 42 44 46 49 53 56 0
1 6 9 12 15 18 20 24 25 30 33 36 39 42 44 47 51 53 57 0
1 6 9 12 15 18 21 24 25 29 32 36 39 42 44 46 50 53 56 0
1 6 9 12 15 18 21 24 25 29 33 36 39 41 44 47 50 53 56 1
1 6 9 12 15 18 21 24 25 29 33 36 39 42 43 46 51 54 57 1
1 6 9 12 15 18 21 24 25 29 33 36 39 42 43 48 49 54 57 0
1 6 9 12 15 18 21 24 25 29 33 36 39 42 43 48 51 53 56 0
1 6 9 12 15 18 21 24 25 29 33 36 39 42 44 48 51 53 56 1
1 6 9 12 15 18 21 24 25 30 32 36 39 42 44 47 51 53 57 0
1 6 9 12 15 18 21 24 25 30 33 36 39 42 43 46 49 53 57 1
1 6 9 12 15 18 21 24 25 30 33 36 39 42 43 46 51 53 57 0
1 6 9 12 15 18 21 24 25 30 33 36 39 42 43 46 51 53 57 1
1 6 9 12 15 18 21 24 25 30 33 36 39 42 43 47 51 53 57 1
1 6 9 12 15 18 21 24 25 30 33 36 39 42 44 46 50 53 56 0
1 6 9 12 15 18 21 24 25 30 33 36 39 42 44 46 51 53 56 0
1 6 9 12 15 18 21 24 25 30 33 36 39 42 44 46 51 53 57 0
1 6 9 12 15 18 21 24 25 30 33 36 39 42 44 47 49 52 56 1
1 6 9 12 15 18 21 24 25 30 33 36 39 42 44 47 49 53 56 0
1 6 9 12 15 18 21 24 25 30 33 36 39 42 44 47 49 53 56 1
1 6 9 12 15 18 21 24 25 30 33 36 39 42 44 47 51 53 56 1
1 6 9 12 15 18 21 24 25 30 33 36 39 42 44 47 51 53 56 1
1 6 9 12 15 18 21 24 25 30 33 36 39 42 44 47 51 53 56 0
1 6 9 12 15 18 21 24 25 30 33 36 39 42 44 47 51 53 57 0
1 6 9 12 15 18 21 24 25 30 33 36 39 42 44 48 49 53 56 1
1 6 9 12 15 18 21 24 25 30 33 36 39 42 44 48 49 53 56 0
1 6 9 12 15 18 21 24 25 30 33 36 39 42 44 48 50 53 56 1
1 6 9 12 15 18 21 24 25 30 33 36 39 42 44 48 51 53 56 0
1 6 9 12 15 18 21 24 25 30 33 36 39 42 44 48 51 53 57 1
1 6 9 12 15 18 21 24 25 30 33 36 39 42 45 47 49 53 56 1
1 6 9 12 15 18 21 24 25 30 33 36 39 42 45 47 50 53 56 1
1 6 9 12 15 18 21 24 25 30 33 36 39 42 45 47 51 53 56 0
1 6 9 12 15 18 21 24 25 30 33 36 39 42 45 48 50 53 56 0
1 6 9 12 15 18 21 24 25 30 33 36 39 42 45 48 51 53 56 0
1 6 7 11 15 17 20 23 26 29 32 35 38 40 43 47 51 54 57 1
1 6 8 11 14 17 20 23 26 29 32 35 38 42 44 48 50 53 56 1
1 6 8 12 15 17 20 24 25 29 32 35 39 40 43 46 49 54 56 0
1 6 8 12 15 17 20 24 25 29 32 36 39 41 43 47 50 54 57 1
1 6 8 12 15 17 21 23 26 29 32 35 39 40 43 47 50 54 57 0
1 6 8 12 15 17 21 24 25 29 32 35 39 41 43 48 51 54 57 0
1 6 8 12 15 18 20 24 25 29 32 36 39 42 44 47 49 53 56 0
1 6 8 12 15 18 21 24 25 29 32 36 39 41 43 46 51 54 57 0
2 4 9 12 14 17 20 23 26 29 32 35 38 42 43 48 51 54 57 0
2 4 7 10 13 16 19 22 27 28 31 34 37 40 44 46 50 53 55 0
2 4 7 10 13 16 19 22 27 28 31 34 37 40 45 46 51 52 55 0
2 4 7 10 13 16 19 22 27 28 31 34 37 40 45 47 49 52 55 1
2 4 7 10 13 16 19 22 27 28 31 34 37 40 45 47 50 52 55 1
2 4 7 10 13 16 19 22 27 28 31 34 37 40 45 48 49 52 55 0
2 4 7 10 13 16 19 22 27 28 31 34 37 40 45 48 51 52 55 1
2 4 7 10 13 16 19 22 27 28 31 34 37 40 45 48 51 52 55 0
2 4 7 10 13 16 19 22 27 28 31 34 37 41 44 48 49 53 55 0
2 4 7 10 13 16 19 22 27 28 31 34 37 41 45 47 50 52 55 1
2 4 7 10 13 16 19 22 27 29 31 34 37 40 45 46 49 52 55 0
2 4 7 10 13 16 19 22 27 29 31 34 37 40 45 47 49 52 55 1
2 4 7 10 13 16 20 22 27 28 31 34 37 40 44 48 50 52 55 1
2 4 7 10 13 16 20 22 27 28 31 34 37 40 45 46 49 52 55 1
2 4 7 10 13 16 20 22 27 28 31 34 37 40 45 46 50 52 55 0
2 4 7 10 13 16 20 22 27 29 31 34 37 41 45 48 51 52 55 1
2 4 7 10 13 17 19 22 27 28 31 34 37 40 43 46 50 53 56 1
2 4 7 10 13 17 19 22 27 28 31 34 37 40 44 46 51 52 55 1
2 4 7 10 13 17 19 22 27 28 31 34 37 40 45 46 49 52 55 1
2 4 7 10 13 17 19 22 27 28 31 34 37 40 45 47 50 53 55 0
2 4 7 10 13 17 19 22 27 28 31 34 37 40 45 48 51 52 55 0
2 4 7 10 13 17 19 22 27 28 31 34 37 40 45 48 51 52 55 1
2 4 7 10 13 17 19 22 27 29 31 34 37 40 45 48 49 52 55 0
2 4 7 10 13 17 19 22 27 29 31 34 37 41 45 46 51 52 55 0
2 4 7 10 13 17 19 22 27 29 31 34 37 41 45 48 49 52 55 1
2 4 7 10 13 17 19 23 27 29 31 34 38 41 45 47 50 52 55 0
2 4 7 10 13 17 20 22 27 28 31 34 37 40 45 48 51 52 55 0
2 4 7 10 13 17 20 23 27 29 31 34 37 41 45 46 49 52 55 1
2 4 7 11 13 16 19 22 27 28 31 34 37 40 44 47 51 53 56 0
2 4 7 11 13 16 20 22 27 29 31 35 37 40 45 47 51 52 55 1
2 4 7 11 13 16 20 22 27 29 31 35 37 40 45 47 51 52 55 0
2 4 7 11 13 16 20 23 26 29 31 35 38 41 45 47 51 52 55 0
2 4 7 11 13 17 20 22 27 28 31 34 37 40 43 46 51 53 56 1
2 4 7 11 14 17 19 23 26 29 31 35 38 40 44 46 51 53 56 1
2 4 7 11 14 17 20 23 26 29 31 35 38 40 43 46 51 53 57 1
2 4 7 11 14 17 20 23 27 29 31 35 38 40 43 46 51 54 57 1
2 4 8 11 14 16 20 23 26 29 32 35 38 41 44 46 49 53 56 0
2 4 8 11 14 17 19 23 26 29 32 35 38 41 45 47 49 52 55 0
2 4 8 11 14 17 20 22 27 28 32 34 37 41 43 48 50 54 57 0
2 5 9 11 15 17 20 23 26 29 32 35 38 42 44 46 49 53 56 1
2 5 9 11 15 18 20 23 26 29 32 35 38 42 43 48 49 54 57 0
2 5 9 12 15 17 21 23 26 29 33 36 38 42 44 47 51 53 57 0
2 5 9 12 15 18 20 23 26 29 33 36 39 42 44 47 49 53 56 0
2 5 9 12 15 18 20 24 25 29 33 36 39 42 43 47 49 54 57 0
2 5 9 12 15 18 20 24 25 30 33 36 39 42 45 46 51 53 56 0
2 5 9 12 15 18 21 24 25 29 33 36 39 42 44 46 49 53 56 1
2 5 9 12 15 18 21 24 25 30 33 36 39 42 44 46 51 53 57 1
2 5 7 10 13 16 19 22 27 28 31 34 37 40 43 47 51 54 57 0
2 5 7 10 13 16 19 22 27 28 31 34 37 40 43 47 51 54 57 1
2 5 7 10 13 16 19 22 27 28 31 34 37 40 43 48 51 53 56 0
2 5 7 10 13 16 19 22 27 28 31 34 37 40 45 47 50 52 55 0
2 5 7 10 13 16 19 22 27 28 31 34 37 40 45 48 50 52 55 0
2 5 7 10 13 16 20 22 27 29 31 35 37 40 45 48 51 52 55 0
2 5 7 10 13 17 20 22 27 28 31 34 37 41 43 48 50 54 57 0
2 5 7 10 14 16 20 22 27 28 32 34 37 41 43 48 50 54 57 1
2 5 7 10 14 17 19 22 27 28 31 34 37 40 43 46 51 54 57 0
2 5 7 10 14 17 20 22 27 28 31 34 37 40 43 46 49 54 57 0
2 5 7 10 14 17 20 23 26 29 31 34 38 40 43 46 51 54 57 0
2 5 7 10 14 17 20 23 26 29 31 35 38 40 43 47 51 54 57 1
2 5 7 10 14 18 20 23 26 29 31 35 38 40 44 47 51 53 56 1
2 5 7 11 13 16 19 22 27 29 31 34 37 40 44 46 50 53 55 1
2 5 7 11 14 16 20 23 26 29 31 34 38 40 43 47 51 54 57 0
2 5 7 11 14 16 20 23 26 29 31 35 38 40 43 47 50 54 57 0
2 5 7 11 14 17 20 22 27 29 31 34 37 40 43 46 51 54 57 1
2 5 7 11 14 17 20 22 27 29 31 35 37 40 44 47 51 53 56 1
2 5 7 11 14 17 20 23 26 29 31 35 38 40 43 46 49 54 57 0
2 5 7 11 14 17 20 23 26 29 31 35 38 40 43 46 50 54 57 0
2 5 7 11 14 17 20 23 26 29 31 35 38 40 43 46 51 54 57 0
2 5 7 11 14 17 20 23 26 29 31 35 38 40 43 46 51 54 57 1
2 5 7 11 14 17 20 23 26 29 31 35 38 40 43 46 51 54 57 1
2 5 7 11 14 17 20 23 26 29 31 35 38 40 43 47 50 54 56 1
2 5 7 11 14 17 20 23 26 29 31 35 38 40 43 47 50 54 56 0
2 5 7 11 14 17 20 23 26 29 31 35 38 40 43 47 51 54 57 1
2 5 7 11 14 17 20 23 26 29 31 35 38 40 43 47 51 54 57 0
2 5 7 11 14 17 20 23 26 29 31 35 38 40 43 48 51 53 56 1
2 5 7 11 14 17 20 23 26 29 31 35 38 40 44 46 49 53 55 1
2 5 7 11 14 17 20 23 26 29 31 35 38 40 44 46 50 53 56 1
2 5 7 11 14 17 20 23 26 29 31 35 38 40 44 47 50 53 55 0
2 5 7 11 14 17 20 23 26 29 31 35 38 40 44 47 51 53 56 1
2 5 7 11 14 17 20 23 26 29 31 35 38 40 44 48 50 53 56 0
2 5 7 11 14 17 20 23 26 29 31 35 38 41 43 46 51 53 57 1
2 5 7 11 14 17 20 23 26 29 31 35 38 41 44 47 50 53 55 0
2 5 7 11 14 18 19 23 26 29 31 35 38 40 43 48 51 54 57 1
2 5 7 11 14 18 20 23 26 29 31 35 38 40 44 47 50 53 56 0
2 5 7 11 14 18 20 23 26 29 31 35 38 40 44 47 51 53 56 0
2 5 7 11 15 17 20 23 26 29 31 35 38 40 44 46 51 53 56 0
2 5 7 11 15 18 20 23 26 29 31 35 38 40 44 46 51 53 56 1
2 5 7 12 14 17 20 23 26 29 31 35 38 41 43 47 51 54 57 0
2 5 7 12 15 18 20 23 26 29 31 35 38 41 43 48 51 54 57 1
2 5 8 10 13 16 20 22 27 29 31 34 37 41 44 48 51 53 55 0
2 5 8 10 14 17 20 23 26 29 32 35 38 41 43 48 50 54 57 0
2 5 8 10 14 17 20 23 26 29 32 35 38 42 43 48 50 54 56 1
2 5 8 11 13 16 20 22 26 29 32 35 38 41 44 48 49 53 56 1
2 5 8 11 13 16 20 22 27 29 32 34 37 41 43 48 49 54 57 1
2 5 8 11 14 16 19 23 26 29 32 35 38 41 44 48 49 53 55 0
2 5 8 11 14 16 20 23 26 29 32 35 38 41 44 47 50 53 56 0
2 5 8 11 14 17 19 22 27 29 31 34 37 41 45 48 50 52 55 0
2 5 8 11 14 17 20 23 26 29 32 35 38 41 43 46 50 54 57 1
2 5 8 11 14 17 20 23 26 29 32 35 38 41 43 47 49 53 56 1
2 5 8 11 14 17 20 23 26 29 32 35 38 41 43 48 49 54 57 0
2 5 8 11 14 17 20 23 26 29 32 35 38 41 43 48 50 54 57 0
2 5 8 11 14 17 20 23 26 29 32 35 38 42 44 47 50 53 56 0
2 5 8 11 14 18 20 23 26 29 32 35 38 42 44 48 50 54 57 0
2 5 8 11 15 18 20 23 26 29 32 35 38 41 43 47 49 54 57 1
2 5 8 11 15 18 20 23 26 29 32 35 38 42 43 46 49 54 57 0
2 5 8 12 14 17 20 24 26 29 31 36 39 41 43 47 51 54 57 0
2 5 8 12 15 17 20 23 26 29 31 36 39 41 44 48 51 53 56 1
2 5 8 12 15 17 20 23 26 29 32 35 39 41 43 47 50 53 57 0
2 5 8 12 15 17 21 23 26 29 32 35 39 40 43 47 50 54 57 0
2 5 8 12 15 18 20 24 25 29 32 36 39 41 43 46 51 53 57 1
2 5 8 12 15 18 20 24 25 29 32 36 39 41 44 48 50 53 56 0
2 5 8 12 15 18 20 24 25 29 32 36 39 42 44 46 51 53 56 0
2 5 8 12 15 18 21 24 26 29 32 35 39 41 43 47 51 54 57 0
2 6 9 11 15 17 21 23 26 29 32 35 38 42 43 47 51 54 57 1
2 6 9 12 14 16 21 24 25 30 33 36 39 42 44 46 49 53 56 0
2 6 9 12 14 16 21 24 25 30 33 36 39 42 44 46 50 53 56 0
2 6 9 12 14 16 21 24 25 30 33 36 39 42 44 47 50 53 56 1
2 6 9 12 14 16 21 24 25 30 33 36 39 42 44 48 51 53 56 1
2 6 9 12 14 16 21 24 25 30 33 36 39 42 44 48 51 53 56 1
2 6 9 12 14 16 21 24 25 30 33 36 39 42 44 48 51 53 57 1
2 6 9 12 14 16 21 24 25 30 33 36 39 42 44 48 51 53 57 0
2 6 9 12 14 16 21 24 25 30 33 36 39 42 44 48 51 53 57 1
2 6 9 12 14 16 21 24 25 30 33 36 39 42 45 46 50 53 56 0
2 6 9 12 14 17 21 24 25 30 33 36 39 42 45 47 50 52 56 0
2 6 9 12 15 16 21 24 25 30 33 36 39 42 43 48 49 53 57 1
2 6 9 12 15 16 21 24 25 30 33 36 39 42 44 48 51 53 57 1
2 6 9 12 15 17 20 23 26 29 33 35 38 42 43 48 49 54 57 1
2 6 9 12 15 17 20 24 25 29 32 36 39 41 43 48 51 54 57 0
2 6 9 12 15 17 20 24 25 29 33 36 39 42 43 48 50 54 57 0
2 6 9 12 15 17 20 24 25 29 33 36 39 42 44 48 50 53 56 0
2 6 9 12 15 17 21 23 25 29 33 35 39 41 43 48 50 54 57 0
2 6 9 12 15 17 21 24 25 29 32 36 39 42 44 47 49 53 56 1
2 6 9 12 15 17 21 24 25 29 33 36 39 41 43 48 49 54 57 0
2 6 9 12 15 17 21 24 25 29 33 36 39 42 43 46 50 54 57 1
2 6 9 12 15 17 21 24 25 29 33 36 39 42 43 47 51 54 57 1
2 6 9 12 15 17 21 24 25 29 33 36 39 42 43 48 49 53 57 0
2 6 9 12 15 17 21 24 25 29 33 36 39 42 43 48 49 54 57 1
2 6 9 12 15 17 21 24 25 29 33 36 39 42 43 48 49 54 57 0
2 6 9 12 15 17 21 24 25 29 33 36 39 42 44 47 51 53 56 0
2 6 9 12 15 17 21 24 25 30 32 36 39 42 44 47 51 53 57 1
2 6 9 12 15 17 21 24 25 30 33 36 39 41 43 46 51 54 57 1
2 6 9 12 15 17 21 24 25 30 33 36 39 42 43 46 50 53 57 1
2 6 9 12 15 17 21 24 25 30 33 36 39 42 43 46 51 53 57 0
2 6 9 12 15 17 21 24 25 30 33 36 39 42 43 48 50 53 57 1
2 6 9 12 15 17 21 24 25 30 33 36 39 42 43 48 50 53 57 0
2 6 9 12 15 17 21 24 25 30 33 36 39 42 43 48 51 53 57 0
2 6 9 12 15 17 21 24 25 30 33 36 39 42 44 46 51 53 56 0
2 6 9 12 15 17 21 24 25 30 33 36 39 42 44 46 51 53 56 0
2 6 9 12 15 17 21 24 25 30 33 36 39 42 44 47 49 53 57 1
2 6 9 12 15 17 21 24 25 30 33 36 39 42 44 47 50 53 57 1
2 6 9 12 15 17 21 24 25 30 33 36 39 42 44 47 51 53 56 0
2 6 9 12 15 17 21 24 25 30 33 36 39 42 44 47 51 53 57 0
2 6 9 12 15 17 21 24 25 30 33 36 39 42 44 48 49 53 56 1
2 6 9 12 15 17 21 24 25 30 33 36 39 42 44 48 50 53 57 1
2 6 9 12 15 17 21 24 25 30 33 36 39 42 44 48 51 53 57 1
2 6 9 12 15 17 21 24 25 30 33 36 39 42 44 48 51 53 57 1
2 6 9 12 15 17 21 24 25 30 33 36 39 42 44 48 51 53 57 1
2 6 9 12 15 17 21 24 25 30 33 36 39 42 44 48 51 53 57 1
2 6 9 12 15 17 21 24 25 30 33 36 39 42 44 48 51 53 57 1
2 6 9 12 15 17 21 24 25 30 33 36 39 42 45 48 51 53 56 0
2 6 9 12 15 18 20 24 25 29 32 36 39 41 43 46 49 53 56 0
2 6 9 12 15 18 20 24 25 29 33 36 39 42 44 47 51 53 56 1
2 6 9 12 15 18 20 24 25 30 33 36 39 41 43 46 51 53 57 0
2 6 9 12 15 18 21 24 25 29 32 36 39 41 43 46 51 54 57 1
2 6 9 12 15 18 21 24 25 29 33 36 39 42 43 46 49 53 57 0
2 6 9 12 15 18 21 24 25 29 33 36 39 42 43 46 49 54 57 0
2 6 9 12 15 18 21 24 25 29 33 36 39 42 43 46 50 54 57 1
2 6 9 12 15 18 21 24 25 29 33 36 39 42 43 46 51 53 56 0
2 6 9 12 15 18 21 24 25 29 33 36 39 42 43 48 49 53 57 0
2 6 9 12 15 18 21 24 25 29 33 36 39 42 43 48 51 54 57 1
2 6 9 12 15 18 21 24 25 29 33 36 39 42 44 47 50 53 56 0
2 6 9 12 15 18 21 24 25 29 33 36 39 42 44 48 50 53 56 1
2 6 9 12 15 18 21 24 25 30 33 36 39 42 43 47 51 53 57 1
2 6 9 12 15 18 21 24 25 30 33 36 39 42 43 47 51 53 57 0
2 6 9 12 15 18 21 24 25 30 33 36 39 42 43 48 49 54 57 1
2 6 9 12 15 18 21 24 25 30 33 36 39 42 43 48 51 53 57 0
2 6 9 12 15 18 21 24 25 30 33 36 39 42 43 48 51 53 57 1
2 6 9 12 15 18 21 24 25 30 33 36 39 42 43 48 51 54 57 1
2 6 9 12 15 18 21 24 25 30 33 36 39 42 43 48 51 54 57 1
2 6 9 12 15 18 21 24 25 30 33 36 39 42 44 46 49 53 56 0
2 6 9 12 15 18 21 24 25 30 33 36 39 42 44 46 49 53 57 1
2 6 9 12 15 18 21 24 25 30 33 36 39 42 44 46 50 53 57 0
2 6 9 12 15 18 21 24 25 30 33 36 39 42 44 46 50 53 57 1
2 6 9 12 15 18 21 24 25 30 33 36 39 42 44 46 51 53 57 1
2 6 9 12 15 18 21 24 25 30 33 36 39 42 44 46 51 53 57 0
2 6 9 12 15 18 21 24 25 30 33 36 39 42 44 46 51 53 57 1
2 6 9 12 15 18 21 24 25 30 33 36 39 42 44 46 51 53 57 1
2 6 9 12 15 18 21 24 25 30 33 36 39 42 44 46 51 53 57 0
2 6 9 12 15 18 21 24 25 30 33 36 39 42 44 47 49 53 56 1
2 6 9 12 15 18 21 24 25 30 33 36 39 42 44 48 49 53 56 0
2 6 9 12 15 18 21 24 25 30 33 36 39 42 44 48 49 53 56 1
2 6 9 12 15 18 21 24 25 30 33 36 39 42 44 48 50 53 56 0
2 6 9 12 15 18 21 24 25 30 33 36 39 42 44 48 50 53 56 1
2 6 9 12 15 18 21 24 25 30 33 36 39 42 44 48 50 53 56 0
2 6 9 12 15 18 21 24 25 30 33 36 39 42 44 48 50 53 57 1
2 6 9 12 15 18 21 24 25 30 33 36 39 42 44 48 50 53 57 1
2 6 9 12 15 18 21 24 25 30 33 36 39 42 44 48 51 53 56 1
2 6 9 12 15 18 21 24 25 30 33 36 39 42 44 48 51 53 57 1
2 6 9 12 15 18 21 24 25 30 33 36 39 42 44 48 51 53 57 0
2 6 9 12 15 18 21 24 25 30 33 36 39 42 44 48 51 53 57 0
2 6 9 12 15 18 21 24 25 30 33 36 39 42 44 48 51 53 57 0
2 6 9 12 15 18 21 24 25 30 33 36 39 42 45 46 49 52 56 0
2 6 9 12 15 18 21 24 25 30 33 36 39 42 45 48 49 53 56 1
2 6 7 11 15 18 20 23 26 29 31 35 38 40 43 47 51 54 57 0
2 6 7 11 15 18 20 23 26 29 31 35 38 40 43 48 51 54 57 0
2 6 8 11 15 17 20 23 26 29 32 35 38 41 43 48 50 54 57 0
2 6 8 11 15 17 20 24 25 29 32 36 39 41 43 47 50 53 57 0
2 6 8 11 15 17 21 23 26 29 33 35 38 41 43 48 51 54 57 0
2 6 8 12 14 17 20 24 25 29 32 36 39 42 44 48 50 53 56 1
2 6 8 12 15 17 20 23 26 29 32 35 38 40 43 46 50 54 57 1
2 6 8 12 15 17 20 24 25 29 32 36 39 41 43 48 50 54 57 0
2 6 8 12 15 17 21 23 26 29 32 35 38 40 43 47 50 54 57 0
2 6 8 12 15 17 21 24 25 29 32 36 39 41 43 46 51 54 57 1
2 6 8 12 15 17 21 24 25 29 32 36 39 42 43 47 49 54 57 0
2 6 8 12 15 17 21 24 25 29 32 36 39 42 43 47 51 54 57 1
2 6 8 12 15 18 20 24 25 29 32 36 39 42 44 47 50 53 56 0
2 6 8 12 15 18 21 24 25 29 32 36 39 42 44 48 50 53 57 0
3 4 9 11 13 17 21 23 26 29 33 35 38 41 45 46 49 52 55 0
3 4 7 10 13 16 19 22 27 28 31 34 37 40 43 46 51 54 57 1
3 4 7 10 13 16 19 22 27 28 31 34 37 40 43 48 50 54 57 0
3 4 7 10 13 16 19 22 27 28 31 34 37 40 44 46 50 53 55 1
3 4 7 10 13 16 19 22 27 28 31 34 37 40 44 46 51 53 55 0
3 4 7 10 13 16 19 22 27 28 31 34 37 40 44 47 49 53 56 1
3 4 7 10 13 16 19 22 27 28 31 34 37 40 45 46 50 52 55 0
3 4 7 10 13 16 19 22 27 28 31 34 37 40 45 47 49 52 55 0
3 4 7 10 13 16 19 22 27 28 31 34 37 40 45 47 50 52 55 1
3 4 7 10 13 16 19 22 27 28 31 34 37 40 45 47 50 52 55 0
3 4 7 10 13 16 19 22 27 28 31 34 37 40 45 47 50 52 55 0
3 4 7 10 13 16 19 22 27 28 31 34 37 40 45 47 50 52 55 0
3 4 7 10 13 16 19 22 27 28 31 34 37 40 45 47 51 52 55 0
3 4 7 10 13 16 19 22 27 28 31 34 37 40 45 47 51 52 55 0
3 4 7 10 13 16 19 22 27 28 31 34 37 40 45 48 49 52 55 0
3 4 7 10 13 16 19 22 27 28 31 34 37 40 45 48 49 52 55 1
3 4 7 10 13 16 19 22 27 28 31 34 37 40 45 48 51 53 55 1
3 4 7 10 13 16 20 22 27 28 31 34 37 40 45 48 49 52 55 1
3 4 7 10 13 16 20 22 27 28 31 34 37 41 45 46 50 52 55 0
3 4 7 10 13 17 19 22 27 28 31 34 37 40 43 46 50 54 57 1
3 4 7 10 13 17 19 22 27 28 31 34 37 40 43 47 50 54 57 1
3 4 7 10 13 17 19 22 27 28 31 34 37 40 43 47 50 54 57 0
3 4 7 10 13 17 19 22 27 28 31 34 37 40 45 47 49 52 55 0
3 4 7 10 13 17 19 22 27 28 31 34 37 40 45 48 50 52 55 1
3 4 7 10 13 17 20 22 27 28 31 34 37 40 43 46 49 54 57 1
3 4 7 10 13 17 20 22 27 28 31 34 37 40 43 46 50 54 57 0
3 4 7 10 13 17 20 22 27 28 31 34 37 40 43 46 50 54 57 0
3 4 7 10 13 17 20 22 27 28 31 34 37 40 43 47 50 54 57 1
3 4 7 10 13 17 20 22 27 28 31 34 37 40 43 47 50 54 57 0
3 4 7 10 13 17 20 22 27 28 31 34 37 40 43 48 50 54 57 1
3 4 7 10 14 17 20 22 27 28 31 34 37 40 43 46 51 54 57 0
3 4 7 10 14 17 20 22 27 28 31 34 37 40 44 46 49 53 56 0
3 4 7 11 13 17 20 22 27 28 31 34 37 40 44 47 50 53 56 1
3 4 7 11 13 17 20 22 27 29 32 34 37 41 44 47 51 53 56 1
3 4 7 11 14 17 20 22 27 28 31 34 37 40 43 46 49 54 57 0
3 4 7 11 14 18 21 22 27 29 31 34 37 40 44 46 50 53 57 1
3 4 8 10 13 16 19 22 27 28 32 34 37 41 43 47 49 54 56 1
3 4 8 10 13 17 20 22 27 28 32 34 37 41 44 46 50 53 56 0
3 4 8 10 14 17 20 22 27 28 32 34 37 41 43 46 49 54 57 0
3 4 8 10 14 17 20 22 27 29 32 35 37 41 44 46 49 53 56 1
3 4 8 10 14 18 20 22 27 28 32 34 37 41 44 47 49 54 57 1
3 4 8 10 14 18 21 22 27 28 32 34 37 41 43 47 49 54 57 0
3 4 8 10 14 18 21 22 27 28 32 34 37 41 43 47 49 54 57 0
3 4 8 10 15 18 21 22 27 28 32 36 37 41 45 47 50 53 57 0
3 4 8 11 13 16 20 23 26 29 33 34 38 41 45 46 50 52 55 1
3 4 8 11 13 16 21 23 26 29 32 35 38 41 44 47 49 52 56 1
3 4 8 11 13 16 21 23 26 29 33 35 38 41 45 47 50 52 56 0
3 4 8 11 13 16 21 23 26 29 33 35 38 41 45 47 51 52 56 1
3 4 8 11 13 16 21 23 26 29 33 35 38 41 45 48 51 52 56 0
3 4 8 11 13 17 20 22 27 29 32 35 37 41 44 46 49 53 56 1
3 4 8 11 13 17 21 23 26 29 33 34 38 41 45 47 51 52 56 1
3 4 8 11 14 18 20 22 27 28 32 34 37 41 44 46 50 53 57 0
3 4 8 11 14 18 20 22 27 28 32 34 37 41 44 48 49 53 57 1
3 4 8 11 14 18 20 22 27 28 32 35 37 41 44 46 49 53 57 0
3 4 8 11 14 18 20 22 27 29 32 34 37 41 44 46 49 53 57 1
3 5 9 11 13 16 21 23 26 29 33 34 38 41 45 46 50 52 55 0
3 5 9 11 13 16 21 23 26 29 33 34 38 42 45 46 49 52 55 0
3 5 9 11 13 16 21 23 26 29 33 35 38 41 45 47 50 52 55 1
3 5 9 11 13 16 21 23 26 29 33 35 38 42 45 46 50 52 55 1
3 5 9 11 13 16 21 23 26 29 33 35 38 42 45 47 49 52 55 0
3 5 9 11 13 16 21 23 26 29 33 35 38 42 45 47 49 52 56 1
3 5 9 11 13 16 21 23 26 29 33 35 38 42 45 48 50 52 55 1
3 5 9 11 13 17 20 23 26 29 33 35 38 42 45 46 49 52 56 1
3 5 9 11 13 17 21 23 26 29 33 35 38 41 45 48 50 52 55 1
3 5 9 11 13 17 21 23 26 29 33 35 38 42 45 46 49 52 56 0
3 5 9 11 14 17 21 23 26 29 33 35 38 42 44 47 50 52 56 0
3 5 9 11 14 18 21 23 26 29 32 35 38 42 45 47 50 52 56 1
3 5 9 11 14 18 21 23 26 29 33 35 38 41 44 47 51 53 56 1
3 5 9 11 14 18 21 23 26 29 33 35 38 42 45 46 51 52 56 0
3 5 9 11 14 18 21 23 26 29 33 35 38 42 45 47 49 52 56 1
3 5 9 11 14 18 21 23 26 29 33 35 38 42 45 47 50 52 56 0
3 5 9 11 15 18 21 23 26 29 33 36 38 42 45 46 50 52 56 1
3 5 7 10 13 16 19 22 27 28 31 34 37 40 43 47 50 54 56 1
3 5 7 10 13 16 19 22 27 28 31 34 37 40 43 48 50 54 57 1
3 5 7 10 13 16 19 22 27 28 31 34 37 40 45 46 50 52 55 1
3 5 7 10 13 16 19 22 27 28 31 34 37 40 45 47 49 52 55 1
3 5 7 10 13 16 19 22 27 28 31 34 37 40 45 47 49 52 55 0
3 5 7 10 13 16 20 22 27 28 31 34 37 40 43 46 49 54 56 1
3 5 7 10 13 16 20 22 27 28 31 34 37 40 43 46 51 54 57 0
3 5 7 10 13 16 20 22 27 28 31 34 37 40 44 46 50 53 55 1
3 5 7 10 13 16 20 22 27 28 31 34 37 40 45 48 50 52 55 1
3 5 7 10 13 16 20 22 27 28 31 34 37 40 45 48 50 52 55 1
3 5 7 10 13 16 20 22 27 28 32 34 37 40 44 46 50 53 56 0
3 5 7 10 13 16 20 22 27 28 32 34 37 40 45 47 49 52 55 1
3 5 7 10 13 16 20 22 27 28 32 34 37 40 45 47 50 52 55 1
3 5 7 10 13 16 20 22 27 28 32 34 37 40 45 47 51 52 55 0
3 5 7 10 13 16 20 22 27 28 32 34 37 40 45 48 50 52 55 1
3 5 7 10 13 16 20 22 27 28 32 34 37 41 45 47 51 52 55 1
3 5 7 10 13 16 20 22 27 29 31 34 37 40 45 48 51 52 55 1
3 5 7 10 13 17 19 22 27 28 31 34 37 40 43 47 51 54 57 0
3 5 7 10 13 17 19 22 27 28 31 34 37 40 44 48 49 53 56 0
3 5 7 10 13 17 19 22 27 28 31 34 37 40 45 48 49 53 55 1
3 5 7 10 13 17 19 22 27 28 32 34 37 40 43 48 49 54 57 0
3 5 7 10 13 17 20 22 27 28 31 34 37 40 43 47 49 54 57 1
3 5 7 10 13 17 20 22 27 28 31 34 37 40 43 47 50 54 57 0
3 5 7 10 13 17 20 22 27 28 31 34 37 40 43 47 51 54 57 1
3 5 7 10 13 17 20 22 27 28 31 34 37 40 43 47 51 54 57 0
3 5 7 10 13 17 20 22 27 28 31 34 37 40 43 48 49 54 57 0
3 5 7 10 13 17 20 22 27 28 31 34 37 40 44 46 50 54 56 0
3 5 7 10 13 17 20 22 27 28 31 34 37 40 44 47 49 53 56 0
3 5 7 10 13 17 20 22 27 28 32 34 37 40 43 47 50 54 57 0
3 5 7 10 14 17 20 22 27 28 31 34 37 40 43 48 49 54 57 0
3 5 7 10 14 18 20 22 27 28 31 34 37 40 43 46 51 54 57 1
3 5 7 10 14 18 20 22 27 28 31 34 37 40 43 47 49 54 57 0
3 5 7 10 14 18 21 22 27 28 31 34 37 40 43 47 50 54 57 0
3 5 7 11 13 16 20 22 27 28 31 34 37 40 44 46 50 53 55 1
3 5 7 11 13 16 20 22 27 28 32 34 37 40 45 47 50 52 55 1
3 5 7 11 13 16 20 22 27 29 32 35 37 41 44 48 50 53 57 0
3 5 7 11 13 17 19 22 27 28 31 34 37 40 44 46 49 53 55 1
3 5 7 11 13 17 20 22 27 28 31 34 37 40 44 47 50 53 56 0
3 5 7 11 13 17 20 22 27 29 32 35 37 41 44 47 51 53 57 0
3 5 7 11 14 17 20 22 27 28 31 34 37 40 43 47 51 54 57 1
3 5 7 11 14 17 20 22 27 28 32 34 37 40 43 48 49 54 57 0
3 5 7 11 14 17 20 22 27 29 31 34 37 40 43 48 49 54 57 1
3 5 7 11 14 17 20 22 27 29 32 34 37 40 43 47 50 54 57 1
3 5 7 11 14 17 20 22 27 29 32 34 37 40 43 47 50 54 57 1
3 5 7 11 14 18 20 22 27 28 31 34 37 40 43 47 50 54 57 0
3 5 7 11 14 18 20 22 27 29 31 34 37 40 44 47 50 53 56 0
3 5 7 11 14 18 20 22 27 29 32 34 37 40 43 47 50 54 57 0
3 5 7 11 14 18 20 22 27 29 32 34 37 40 44 46 49 53 57 1
3 5 7 11 14 18 21 22 27 29 31 34 37 41 43 48 50 53 57 0
3 5 8 10 13 16 19 22 27 28 32 34 37 41 45 47 51 52 55 0
3 5 8 10 13 16 20 22 27 28 32 34 37 40 44 46 50 53 56 0
3 5 8 10 13 16 20 22 27 28 32 34 37 40 45 47 49 53 55 1
3 5 8 10 13 16 20 22 27 28 32 34 37 40 45 48 50 52 55 1
3 5 8 10 13 16 20 22 27 28 32 34 37 41 44 48 51 53 55 1
3 5 8 10 13 17 19 22 27 28 32 34 37 41 45 48 49 53 55 0
3 5 8 10 13 17 20 22 27 28 32 34 37 41 43 48 49 54 57 0
3 5 8 10 13 17 20 22 27 28 32 34 37 41 44 47 49 53 56 0
3 5 8 10 14 17 20 22 27 28 32 34 37 41 44 46 50 53 56 0
3 5 8 10 14 18 20 22 27 28 32 34 37 41 43 46 49 54 57 0
3 5 8 10 14 18 20 22 27 28 32 34 37 41 43 47 49 54 57 0
3 5 8 10 14 18 20 22 27 28 32 34 37 41 43 48 49 54 57 1
3 5 8 10 14 18 20 22 27 28 32 34 37 41 44 47 50 54 57 1
3 5 8 10 14 18 20 22 27 28 32 34 37 41 44 48 49 54 56 1
3 5 8 10 14 18 20 22 27 28 32 34 37 41 45 46 49 53 55 0
3 5 8 11 13 16 21 23 26 29 32 34 38 41 45 48 50 52 56 1
3 5 8 11 13 16 21 23 26 29 32 35 38 41 44 46 51 53 57 1
3 5 8 11 13 16 21 23 26 29 32 35 38 41 45 46 49 53 56 1
3 5 8 11 13 16 21 23 26 29 32 35 38 41 45 48 50 52 56 1
3 5 8 11 13 16 21 23 26 29 33 34 38 41 45 47 50 52 55 0
3 5 8 11 13 16 21 23 26 29 33 35 38 41 45 46 50 52 56 1
3 5 8 11 13 16 21 23 26 29 33 35 38 41 45 46 51 52 55 1
3 5 8 11 13 16 21 23 26 29 33 35 38 41 45 47 51 52 55 1
3 5 8 11 13 16 21 23 26 29 33 35 38 42 45 46 51 52 56 0
3 5 8 11 13 17 20 22 27 29 32 34 37 42 44 48 50 53 57 1
3 5 8 11 13 17 20 23 26 29 33 35 38 41 44 47 49 53 56 1
3 5 8 11 13 17 20 23 26 29 33 35 38 41 45 48 49 52 55 1
3 5 8 11 13 17 21 23 26 29 32 35 38 41 44 47 50 53 56 1
3 5 8 11 13 17 21 23 26 29 32 35 38 41 44 48 51 53 57 1
3 5 8 11 13 17 21 23 26 29 32 35 38 41 45 48 50 52 55 0
3 5 8 11 13 17 21 23 26 29 32 35 38 42 45 48 50 53 56 0
3 5 8 11 13 17 21 23 26 29 33 34 38 42 45 48 50 52 56 1
3 5 8 11 13 17 21 23 26 29 33 35 38 41 45 48 51 52 56 1
3 5 8 11 13 17 21 23 26 29 33 35 38 42 45 46 49 52 56 1
3 5 8 11 13 17 21 23 26 29 33 35 38 42 45 46 49 52 56 1
3 5 8 11 13 17 21 23 26 29 33 35 38 42 45 46 50 52 56 0
3 5 8 11 13 18 21 23 26 29 33 35 38 42 45 47 50 52 56 0
3 5 8 11 14 17 20 22 27 29 32 34 37 41 43 47 50 54 57 0
3 5 8 11 14 17 20 22 27 29 33 34 37 40 43 46 51 54 57 1
3 5 8 11 14 17 21 22 27 29 32 34 37 41 43 48 49 54 57 0
3 5 8 11 14 17 21 23 26 29 33 35 38 41 43 46 49 53 57 0
3 5 8 11 14 17 21 23 26 29 33 35 38 41 44 47 50 52 56 0
3 5 8 11 14 18 20 22 26 29 32 35 38 40 44 46 49 53 57 1
3 5 8 11 14 18 20 22 27 28 32 34 37 41 43 48 50 54 57 1
3 5 8 11 14 18 20 22 27 29 32 34 37 41 43 48 50 54 57 0
3 5 8 11 14 18 20 23 26 29 32 34 38 40 43 48 49 54 57 0
3 5 8 11 14 18 20 23 26 29 32 34 38 41 43 46 49 54 57 0
3 5 8 11 14 18 20 23 26 29 32 35 38 41 43 46 50 54 57 1
3 5 8 11 14 18 20 23 26 29 32 35 38 41 44 48 50 54 57 1
3 5 8 11 14 18 20 23 27 29 32 34 38 40 43 46 51 54 57 0
3 5 8 11 14 18 21 23 26 29 32 34 38 41 43 46 50 54 57 1
3 5 8 11 14 18 21 23 26 29 32 34 38 41 43 48 50 54 57 1
3 5 8 11 14 18 21 23 26 29 32 35 38 41 44 47 50 52 56 1
3 5 8 11 14 18 21 23 26 29 32 35 38 41 44 48 50 54 57 1
3 5 8 11 14 18 21 23 26 29 33 35 38 40 43 47 50 54 57 1
3 5 8 11 14 18 21 23 26 29 33 35 38 41 44 46 51 53 56 1
3 5 8 11 14 18 21 23 26 29 33 35 38 41 44 48 49 52 56 1
3 5 8 11 14 18 21 23 26 29 33 35 38 41 44 48 50 53 56 0
3 5 8 11 14 18 21 23 26 29 33 35 38 41 44 48 50 53 56 0
3 5 8 11 14 18 21 23 26 29 33 35 38 41 45 46 50 52 56 0
3 5 8 11 14 18 21 23 26 29 33 35 38 41 45 47 49 52 56 0
3 5 8 11 14 18 21 23 26 29 33 35 38 41 45 47 50 52 56 0
3 5 8 11 15 18 21 23 26 29 33 35 38 41 45 48 51 52 55 0
3 5 8 11 15 18 21 23 26 29 33 36 38 41 45 46 50 52 56 0
3 5 8 11 15 18 21 23 26 29 33 36 38 42 45 48 50 53 56 0
3 5 8 11 15 18 21 23 27 29 32 35 38 41 45 47 50 53 56 1
3 5 8 12 14 17 21 23 26 29 33 35 38 41 44 47 51 53 57 1
3 5 8 12 14 17 21 23 27 29 32 34 38 41 43 48 51 54 57 0
3 5 8 12 14 18 21 23 26 29 33 35 38 40 43 48 51 54 57 0
3 5 8 12 14 18 21 23 26 29 33 35 38 42 44 48 51 53 57 0
3 6 7 10 13 16 20 22 27 28 31 34 37 40 44 46 50 53 56 0
3 6 7 10 13 16 20 22 27 28 31 34 37 40 45 46 50 53 55 0
3 6 7 10 13 16 20 22 27 28 32 34 37 40 44 47 50 53 55 0
3 6 7 10 13 16 20 22 27 28 32 34 37 40 45 47 49 53 55 1
3 6 8 11 14 17 20 22 27 28 32 34 37 41 43 48 49 54 57 1
3 6 8 11 14 18 21 23 26 29 32 35 38 40 43 48 50 54 57 1
3 6 8 11 14 18 21 23 26 29 33 35 38 41 44 48 49 53 56 0
3 6 8 12 14 18 20 23 26 29 32 35 38 41 43 48 50 54 57 1
