@relation vote-rm_attr_w_10p_missing-rm_inst_w_missing-rm_attr_1-weka.filters.unsupervised.attribute.Discretize-D-F-B8-M-1.0-Rfirst-last-nominal2binarysplit_minmulti.py-choose_class.py-vclasse_1

@0	item_0 = 1
@1	item_1 = 2
@2	item_2 = 3
@3	item_3 = 4
@4	item_4 = 5
@5	item_5 = 6
@6	item_6 = 7
@7	item_7 = 8
@8	item_8 = 9
@9	item_9 = 10
@10	item_10 = 11
@11	item_11 = 12
@12	item_12 = 13
@13	item_13 = 14
@14	item_14 = 15
@15	item_15 = 16
@16	item_16 = 17
@17	item_17 = 18
@18	item_18 = 19
@19	item_19 = 20
@20	item_20 = 21
@21	item_21 = 22
@22	item_22 = 23
@23	item_23 = 24
@24	item_24 = 25
@25	item_25 = 26
@26	item_26 = 27
@27	item_27 = 28
@28	item_28 = 29
@29	item_29 = 30
@30	item_30 = 31
@31	item_31 = 32
@32	item_32 = 33
@33	item_33 = 34
@34	item_34 = 35
@35	item_35 = 36
@36	item_36 = 37
@37	item_37 = 38
@38	item_38 = 39
@39	item_39 = 40
@40	item_40 = 41
@41	item_41 = 42
@42	item_42 = 43
@43	item_43 = 44
@44	item_44 = 45
@45	item_45 = 46
@46	item_46 = 47
@47	item_47 = 48
@class:	1='classe_1'	 0={'classe_2'}
@data

0 4 6 10 13 16 18 21 24 28 32 34 37 40 42 46 1
0 4 6 10 13 16 18 21 24 27 30 34 37 40 42 47 1
2 4 7 11 13 16 18 21 24 27 31 33 37 40 42 45 1
0 4 7 9 14 16 18 21 24 27 31 33 37 39 42 46 0
1 4 7 9 13 16 18 21 24 27 31 35 37 40 43 46 0
0 4 7 9 13 16 18 21 24 27 30 33 37 40 43 46 0
0 4 6 10 13 16 18 21 24 27 30 33 38 40 43 46 0
0 4 6 10 13 16 18 21 24 27 30 33 37 40 44 46 0
0 4 6 10 13 16 18 21 24 27 30 34 37 40 42 46 1
1 4 7 9 12 15 19 22 25 27 30 33 36 39 44 47 0
0 4 6 10 13 15 18 21 24 27 32 35 37 40 42 45 0
0 4 6 10 13 16 18 21 24 27 31 35 37 40 44 47 1
0 4 7 9 12 15 19 22 25 27 30 33 37 39 44 47 1
1 4 7 9 12 16 19 22 26 28 31 35 36 39 43 47 1
0 4 6 10 13 16 18 21 24 27 30 34 38 41 42 47 0
0 4 6 10 13 16 18 21 24 28 30 34 37 41 42 47 0
1 3 7 9 12 16 18 22 26 28 31 34 38 39 42 46 0
1 5 7 9 12 15 19 22 25 27 30 33 37 39 43 46 1
0 4 6 10 13 16 18 21 24 27 30 35 37 40 42 45 0
1 4 7 9 12 15 19 22 25 27 31 33 36 39 43 46 1
1 4 7 9 12 17 19 22 24 27 31 33 36 39 43 46 1
1 4 7 9 12 15 19 22 25 27 30 33 38 41 43 46 1
1 5 7 9 12 15 19 22 25 27 30 35 36 39 43 46 0
1 4 7 9 12 15 19 22 25 27 30 33 36 39 43 46 0
1 3 7 9 12 15 19 22 25 27 30 33 36 39 43 47 1
1 3 7 9 12 15 19 22 25 28 30 33 36 39 43 46 1
1 3 7 9 12 15 19 22 25 27 31 33 36 39 43 46 1
1 4 7 9 12 15 19 22 25 27 31 33 36 39 43 46 1
1 3 6 10 13 15 19 22 25 27 30 34 37 40 42 46 1
1 4 7 9 12 15 19 22 25 27 31 33 36 39 43 46 1
0 4 6 10 13 16 18 21 24 27 30 34 37 40 42 45 1
1 4 7 9 12 15 19 22 25 27 31 33 36 39 43 47 1
1 4 7 9 12 15 19 22 25 28 30 33 37 39 43 46 1
0 4 6 10 13 16 18 21 24 27 30 34 37 40 42 46 1
1 4 7 9 12 15 19 22 25 27 30 33 36 39 43 46 1
0 4 6 10 13 16 18 21 24 27 30 34 37 40 42 45 1
1 5 6 10 13 16 18 21 24 28 30 34 38 40 42 46 1
1 4 6 10 13 16 18 21 24 27 30 33 37 40 42 46 0
0 4 6 10 13 16 18 21 24 28 30 34 37 40 42 45 1
1 3 7 9 12 15 19 22 25 28 31 33 37 39 43 46 1
1 4 7 9 12 15 19 22 25 27 32 33 36 39 42 47 1
1 4 7 9 12 15 19 22 25 27 30 33 36 39 43 47 0
1 3 7 9 12 15 19 22 25 27 30 33 36 39 42 46 0
1 3 7 9 12 15 19 22 25 27 30 33 36 39 43 46 0
1 4 7 9 12 15 19 22 25 27 31 33 36 39 42 47 1
1 4 7 9 12 15 19 22 26 27 31 33 36 39 43 47 0
1 4 7 9 12 15 19 22 25 27 30 33 36 39 42 46 0
1 3 7 9 12 15 19 22 26 27 30 33 36 39 42 47 1
1 4 7 9 12 15 19 22 24 27 30 33 36 40 42 46 0
0 5 6 10 13 16 18 21 24 27 30 34 37 40 42 45 0
1 4 7 9 12 15 19 22 25 27 31 33 36 39 43 46 1
0 4 6 10 13 16 18 23 24 27 30 34 37 40 42 46 0
1 4 7 9 12 15 19 22 25 27 30 33 36 39 44 47 0
1 4 6 10 13 16 18 21 24 28 30 34 37 40 42 45 1
1 4 7 9 12 16 20 22 24 27 31 34 36 40 42 47 1
0 4 6 10 13 16 18 21 24 28 31 34 37 40 42 45 1
0 4 6 10 13 16 18 21 24 28 31 34 37 40 42 46 0
0 4 6 10 13 16 18 21 24 28 30 34 37 40 42 46 1
0 4 6 10 13 16 18 21 24 28 30 34 37 40 42 46 0
0 4 6 10 13 16 18 21 24 28 30 34 37 40 42 47 1
1 4 7 9 12 17 19 22 25 28 30 33 36 39 43 47 1
0 4 6 10 13 16 18 21 24 27 30 34 37 40 42 45 0
1 4 7 9 12 15 19 22 25 27 30 33 36 39 42 47 0
1 4 7 9 12 15 19 22 25 27 31 33 36 39 42 46 1
1 4 7 9 12 15 19 22 25 27 31 35 36 39 42 46 0
1 4 6 10 13 16 19 21 24 27 30 34 37 40 42 46 1
0 4 6 10 13 16 19 21 24 27 31 34 37 40 42 46 1
0 4 6 10 13 16 18 21 24 28 30 34 37 40 42 45 0
1 5 7 9 12 15 19 22 25 27 30 33 37 39 43 46 0
1 4 7 9 12 15 19 22 25 27 30 33 36 39 43 46 1
1 3 7 9 12 15 19 22 25 27 30 33 37 39 43 47 0
1 4 7 10 12 15 19 22 25 28 31 33 36 40 42 46 1
1 4 7 9 12 15 19 22 25 27 31 33 36 39 43 47 0
1 3 7 10 13 15 19 21 25 28 30 33 37 40 42 46 1
1 3 7 9 12 16 19 22 25 28 31 33 36 40 43 46 1
0 4 7 10 13 16 18 21 24 28 31 33 37 40 42 45 1
0 4 7 9 13 16 18 21 24 28 31 34 37 40 42 47 0
0 4 7 10 13 16 18 22 25 28 31 34 37 40 42 46 1
1 4 7 9 13 16 18 21 24 28 31 33 37 40 42 46 1
0 3 6 10 13 15 18 21 24 28 30 34 37 40 42 45 0
1 3 7 9 12 16 19 22 25 28 30 34 36 40 42 47 0
1 3 7 9 12 15 19 22 26 28 31 34 36 40 42 46 1
0 3 6 10 13 16 18 21 24 28 30 34 37 40 42 46 1
0 3 6 10 13 16 18 21 24 27 30 34 37 40 42 45 1
0 5 6 10 13 16 18 21 24 28 30 34 37 40 42 45 0
0 3 7 9 13 16 18 21 24 28 31 34 37 40 42 46 1
0 3 6 10 13 16 18 21 24 28 30 34 37 40 42 45 0
0 3 6 10 13 16 18 21 24 27 30 34 37 40 42 45 1
0 4 7 9 13 16 19 21 25 28 31 33 37 40 42 46 0
0 3 6 10 13 16 18 21 24 28 30 35 37 40 42 47 1
1 3 7 9 12 15 19 22 25 28 30 33 36 39 43 46 1
1 3 7 9 12 15 19 22 25 28 31 33 36 39 43 46 0
1 4 7 9 12 15 19 22 24 28 31 33 36 41 43 46 0
1 3 7 9 12 15 19 21 25 28 31 33 36 39 43 46 0
1 3 7 9 13 16 18 21 24 27 30 33 36 39 42 46 0
1 3 7 9 13 16 18 23 26 27 31 35 38 41 43 46 0
0 3 8 9 13 16 18 21 24 27 31 34 37 40 42 46 0
1 3 6 9 13 16 19 21 24 28 31 33 36 40 42 46 0
1 4 7 9 12 16 19 22 25 28 30 33 36 39 42 46 1
0 3 6 10 13 16 18 21 24 28 32 34 37 40 42 45 1
1 3 6 9 13 16 18 21 24 27 31 34 36 40 42 46 1
1 3 7 9 13 16 19 21 24 27 31 33 36 40 42 46 1
1 3 7 9 13 16 19 21 26 27 31 33 37 40 43 47 0
1 3 6 9 13 16 20 21 26 27 30 33 36 40 44 45 0
2 5 8 11 12 16 19 22 25 28 32 33 37 40 42 47 0
1 4 7 9 12 15 18 22 25 27 31 33 36 39 43 46 1
0 4 6 10 13 16 18 21 24 27 30 34 37 40 42 46 0
0 5 8 11 14 17 20 23 26 29 32 35 38 40 44 47 0
1 5 7 9 12 15 19 22 25 27 30 33 36 39 43 47 0
1 5 7 9 12 15 19 22 25 27 30 33 36 39 43 47 0
0 3 7 9 12 15 19 22 25 28 30 33 36 39 43 46 0
0 5 6 10 13 16 18 21 24 28 30 34 37 40 42 46 0
0 5 7 9 12 16 19 22 24 28 30 33 36 39 43 47 0
0 5 6 10 13 16 18 21 24 28 30 34 37 40 42 45 1
1 5 7 9 12 15 19 22 25 27 30 33 36 39 43 47 0
0 5 7 9 14 17 19 22 25 28 32 35 36 39 43 46 0
1 3 7 9 12 15 19 22 25 27 31 33 36 39 43 46 0
1 4 7 10 13 15 19 21 24 27 30 34 37 40 42 46 1
0 4 7 9 12 15 18 22 25 28 31 33 36 39 43 46 1
0 3 6 10 13 16 18 21 24 27 30 34 37 40 42 45 1
0 5 8 10 13 16 18 21 24 28 30 34 37 40 44 46 0
0 5 6 10 13 16 18 21 24 28 30 34 37 40 42 46 0
0 3 6 10 13 16 18 21 24 28 30 34 36 40 42 46 1
1 5 6 10 13 16 18 22 24 27 30 34 37 40 42 46 0
0 5 7 9 12 15 19 22 25 27 30 33 36 39 43 46 0
0 5 6 10 13 16 18 21 24 28 30 34 37 40 42 46 0
0 5 6 10 13 16 18 21 24 27 30 34 37 40 42 45 0
0 5 7 9 12 15 19 22 25 28 31 33 36 40 43 46 1
0 5 7 9 12 16 18 22 24 28 31 33 36 39 43 46 1
2 5 7 9 12 15 19 22 26 27 32 35 38 41 44 47 0
1 5 7 9 14 17 19 22 25 27 30 33 36 39 43 47 1
0 3 7 9 12 16 18 22 25 28 30 33 36 40 42 46 0
0 3 6 10 13 16 18 21 24 28 30 34 37 40 42 47 0
0 3 6 10 13 16 18 21 24 28 30 34 37 40 42 46 1
0 3 6 10 13 16 18 21 24 27 30 34 37 40 42 47 1
0 3 6 10 13 16 18 21 24 28 30 34 37 40 42 45 0
0 4 6 10 13 16 18 21 24 28 31 34 37 39 42 46 1
0 5 7 9 12 16 19 22 25 28 30 33 36 40 43 46 1
0 3 7 9 12 16 19 22 25 28 30 33 36 40 42 46 0
1 3 7 9 12 16 19 22 25 27 30 33 36 39 43 46 1
0 3 6 10 12 15 19 22 25 28 30 33 37 40 42 46 0
0 3 6 10 13 16 19 22 25 28 30 34 37 40 44 46 1
0 3 6 10 13 16 19 22 25 28 30 34 37 40 42 46 0
2 4 6 9 12 15 19 22 25 28 31 33 36 40 43 46 0
0 5 6 9 12 16 19 22 25 28 30 33 36 40 42 47 1
0 3 7 9 12 16 19 22 25 28 30 33 36 40 44 46 0
0 4 6 10 13 16 18 21 24 27 30 34 37 40 42 46 1
0 3 6 9 12 15 19 22 25 28 30 34 37 40 43 46 1
0 4 6 10 13 16 18 21 24 28 31 34 37 40 42 46 0
0 3 7 9 12 15 19 22 25 28 30 33 37 39 43 46 0
1 4 6 10 13 16 18 21 24 28 30 34 37 40 42 46 1
1 4 8 10 13 16 18 21 25 27 31 35 37 40 42 45 1
0 4 7 9 12 16 18 22 25 28 31 33 37 39 43 46 0
0 3 7 9 12 16 19 22 25 28 31 33 37 40 42 46 0
0 4 6 10 13 16 18 21 24 27 30 34 37 40 42 45 0
1 4 6 10 13 16 18 23 24 27 31 34 37 40 42 45 1
1 4 6 10 13 16 19 21 24 27 30 34 37 40 42 45 1
0 4 7 9 12 16 18 22 25 27 31 33 38 41 44 47 1
0 4 6 10 13 16 18 21 24 28 30 34 37 40 42 45 0
0 4 7 9 14 16 19 22 25 28 31 33 36 41 42 47 0
0 4 6 9 13 16 18 21 24 27 30 34 37 40 43 46 0
0 3 6 9 13 16 19 21 24 27 30 34 37 40 42 46 1
0 4 7 9 13 16 19 21 24 27 31 34 37 40 42 46 0
0 4 6 10 13 16 19 21 24 27 30 34 37 40 42 46 1
1 4 6 9 13 16 18 21 24 28 31 34 37 40 42 47 1
0 4 7 9 12 16 19 22 25 28 31 33 37 39 43 47 0
1 3 7 10 13 16 19 22 24 28 30 34 36 40 43 46 1
1 3 7 10 13 16 19 22 24 28 31 34 36 40 43 46 0
0 3 7 10 13 16 18 21 25 27 30 33 37 40 43 47 0
1 3 7 9 12 15 19 22 25 28 31 33 36 40 42 46 1
1 3 7 9 12 15 20 22 25 29 30 33 36 39 43 47 1
0 5 6 10 13 16 18 21 24 28 30 34 37 40 42 46 1
0 4 7 9 12 15 19 22 25 28 30 33 38 39 43 46 1
0 3 6 9 13 16 18 21 24 28 31 34 37 40 42 46 0
1 5 7 9 12 15 19 22 25 27 30 33 36 39 43 47 1
0 4 7 9 12 15 19 22 25 28 30 33 36 39 43 46 0
0 3 7 10 12 15 19 22 25 28 30 33 36 40 43 46 0
0 3 7 9 12 15 19 22 25 28 31 35 36 39 43 46 1
2 3 7 9 12 15 19 22 25 28 31 35 36 39 43 47 1
1 3 7 9 12 15 19 22 25 28 30 33 36 39 43 46 0
2 5 7 9 12 15 19 22 25 29 32 33 36 39 44 47 0
0 3 7 9 12 15 19 22 25 28 31 33 36 39 43 46 1
1 5 7 9 12 15 19 22 25 27 30 33 36 39 43 46 0
2 5 8 11 14 17 20 23 25 29 32 35 38 41 44 47 0
0 3 7 9 12 15 19 22 25 28 31 33 36 39 43 46 1
1 3 7 9 12 15 19 22 25 28 30 35 36 39 43 46 1
0 4 7 9 12 15 19 22 25 28 31 33 36 39 43 46 1
1 3 7 9 12 15 19 22 25 27 30 33 36 39 43 47 0
1 5 6 10 13 16 19 22 24 27 30 34 38 40 44 47 0
1 3 7 9 12 15 19 22 25 27 30 33 36 39 43 46 1
0 5 6 10 13 16 18 21 24 27 30 34 37 40 42 47 1
0 4 6 10 13 16 18 23 24 28 30 34 37 40 42 47 1
0 3 6 9 12 16 19 22 25 27 31 33 36 40 43 46 0
0 3 7 9 12 15 19 22 25 27 30 33 36 39 43 46 0
0 3 7 9 12 16 19 23 25 28 31 33 36 39 43 46 1
0 3 6 10 13 16 18 21 24 27 30 34 37 40 42 47 1
0 3 7 9 12 16 19 22 25 27 31 34 36 40 43 47 0
0 5 7 10 13 16 18 21 24 28 30 33 36 40 42 46 0
0 3 7 9 12 15 19 22 25 28 31 33 38 39 43 47 0
1 4 6 9 12 15 19 22 26 27 31 33 36 39 43 47 0
0 3 7 9 12 15 19 22 25 27 30 33 36 40 43 46 0
1 4 7 9 12 15 19 22 25 27 30 33 36 39 43 46 0
1 3 7 9 12 16 19 22 25 28 31 33 36 39 43 46 0
1 3 7 9 12 15 19 22 25 28 30 33 36 39 43 46 0
0 3 7 10 13 16 19 21 24 27 30 34 37 40 42 46 0
0 3 7 9 12 16 19 22 25 28 30 34 36 39 42 46 1
0 3 6 10 13 16 18 21 24 28 30 34 36 40 42 46 0
1 5 6 10 13 16 19 21 24 28 30 34 37 40 42 46 1
0 3 7 9 12 15 19 22 25 27 30 35 36 39 43 46 1
1 4 7 9 12 15 19 22 25 28 31 33 36 39 42 46 0
0 3 7 9 12 16 19 22 25 27 30 33 36 39 43 46 1
0 4 6 10 13 16 18 21 24 28 30 34 37 40 42 46 1
0 3 7 9 12 15 19 22 25 27 31 33 36 39 43 46 0
0 4 7 9 12 16 18 22 25 27 31 33 37 39 43 46 0
1 4 6 10 13 16 18 21 24 28 30 34 37 40 42 46 0
0 4 7 10 13 16 18 21 24 28 31 34 37 40 43 47 0
1 4 7 9 13 16 18 21 26 28 30 33 36 40 43 47 0
0 4 6 10 13 16 18 21 24 28 30 34 37 40 42 45 0
1 5 7 9 12 15 19 22 25 27 32 33 36 39 43 47 0
0 4 7 9 12 15 18 22 25 27 31 33 36 40 43 46 0
0 3 7 9 12 15 19 22 25 27 30 33 36 39 43 47 0
0 4 7 9 13 16 18 21 24 27 31 33 36 39 43 47 0
1 3 7 9 12 15 19 22 25 27 31 33 36 39 43 47 1
0 3 6 10 13 15 18 21 24 27 30 34 37 40 42 46 1
0 4 6 10 13 16 18 21 24 28 30 35 37 40 42 45 1
0 5 6 10 13 16 18 21 24 27 30 34 37 40 42 46 1
0 3 7 9 12 16 19 22 25 27 31 33 36 40 43 46 1
1 3 7 9 12 15 19 22 25 27 30 33 36 39 44 46 0
0 4 6 10 13 16 18 21 24 27 30 34 37 41 42 46 0
0 4 7 10 13 16 19 21 25 28 30 34 37 40 42 46 1
0 4 6 10 13 16 18 21 24 27 30 34 37 40 42 46 0
0 4 6 10 13 16 18 21 25 28 30 34 37 40 42 46 0
0 4 7 9 12 15 19 22 24 27 31 33 36 39 43 47 0
0 4 6 10 13 16 18 21 24 28 30 34 37 40 42 46 1
0 3 7 9 12 16 19 22 25 28 30 34 36 40 43 47 0
0 3 6 10 13 16 18 21 24 28 30 34 36 40 42 46 0
0 3 7 9 12 15 19 22 25 27 30 33 36 39 43 46 1
1 3 7 9 12 16 19 22 24 27 30 34 37 39 42 46 0
1 4 7 9 12 15 19 22 26 28 30 33 36 39 43 47 1
0 3 6 10 13 16 19 21 24 28 30 33 36 40 43 46 0
0 3 6 10 12 16 19 23 25 27 30 34 37 40 42 46 1
1 3 7 9 12 15 19 22 25 28 31 33 36 40 43 46 1
0 3 6 9 13 16 19 21 24 27 30 35 36 40 43 46 0
0 4 7 9 12 15 19 22 26 28 30 33 37 39 43 46 1
1 3 7 9 12 15 18 22 25 28 30 33 36 39 43 46 1
1 3 7 9 12 15 19 22 25 28 31 33 36 39 43 46 0
0 3 7 9 13 15 19 22 25 27 30 33 36 40 44 46 0
0 4 6 10 13 16 20 21 24 27 30 35 37 40 42 45 1
2 5 8 11 14 17 20 23 26 29 32 35 38 41 44 47 1
1 3 7 9 12 15 19 22 26 27 31 33 36 39 43 46 0
0 4 6 10 13 16 18 21 24 27 30 34 37 40 42 45 1
0 4 6 10 13 16 18 21 24 27 30 34 37 40 42 45 1
1 4 7 9 12 16 19 22 25 27 30 33 36 39 43 46 1
0 4 6 10 13 16 18 21 24 27 30 34 37 40 42 46 0
1 3 7 9 12 15 19 22 25 28 30 33 36 39 42 46 1
1 3 7 9 12 15 19 22 25 28 30 33 36 40 43 46 0
0 3 6 10 13 15 18 21 24 27 30 34 36 40 42 45 1
0 3 6 10 13 15 18 21 24 27 30 34 36 40 44 46 0
0 3 7 9 12 15 19 22 25 27 31 33 36 39 43 46 0
1 3 7 9 12 15 19 22 25 27 30 33 36 39 42 46 0
1 3 7 9 12 15 19 22 25 28 30 33 36 39 42 46 1
1 3 7 9 12 17 19 22 25 27 32 35 36 41 44 47 1
1 3 7 9 12 15 19 22 25 28 30 33 38 39 43 46 1
1 3 7 9 12 15 19 22 25 27 30 33 36 39 43 47 0
1 3 7 9 12 15 19 22 25 27 30 33 36 39 43 47 1
1 3 7 9 12 15 19 22 25 28 30 33 36 39 42 46 1
0 3 6 10 13 16 18 21 24 28 30 34 36 40 42 46 1
1 3 6 9 12 15 19 22 25 28 30 33 36 40 42 46 1
1 3 7 9 12 15 19 22 25 27 30 33 36 39 43 47 1
1 3 7 9 12 15 19 22 25 27 30 33 36 39 42 46 0
1 4 7 9 12 15 19 22 25 27 30 33 36 39 43 46 1
0 4 7 9 12 16 19 22 25 27 32 33 36 39 42 46 1
1 3 7 9 12 15 19 22 25 28 30 33 36 39 43 47 1
0 3 6 10 13 15 19 22 24 28 30 34 37 40 44 46 0
1 3 6 10 13 15 19 21 24 28 30 33 36 40 43 46 1
0 3 7 9 13 16 18 21 24 27 32 33 37 40 42 45 0
0 3 6 10 13 16 18 21 24 27 30 34 37 40 43 45 1
0 3 7 10 13 16 19 22 24 28 30 33 36 40 42 46 1
0 3 6 10 13 16 18 21 24 27 30 34 37 40 42 46 1
0 3 6 10 13 16 18 21 24 28 30 34 37 40 42 45 1
0 3 7 9 12 15 19 22 25 28 30 33 36 40 42 46 0
1 3 7 10 13 16 19 22 24 27 30 33 36 40 42 47 0
1 3 6 10 13 16 18 21 24 28 30 35 37 40 42 45 1
0 3 6 10 13 16 18 21 24 27 30 34 37 40 42 46 0
0 3 7 9 12 16 19 22 25 28 31 33 36 39 44 46 1
0 3 7 9 12 16 19 22 25 28 31 33 36 39 43 46 1
0 3 7 9 12 16 20 22 26 28 31 34 36 40 43 47 0
1 4 7 11 12 16 19 22 25 27 31 33 37 39 44 46 0
1 4 7 9 13 16 18 22 24 28 31 33 37 40 43 46 0
1 4 7 9 13 16 18 22 24 28 31 33 37 40 42 47 0
1 3 7 9 14 16 20 22 25 28 30 33 37 40 42 46 0
1 3 7 9 12 16 19 22 25 28 30 35 36 40 42 46 1
1 3 7 9 12 16 19 22 24 28 31 33 37 40 43 46 0
1 4 7 9 12 16 19 22 25 28 31 33 37 40 43 46 0
0 4 7 9 12 16 19 22 24 28 31 33 37 40 42 47 1
0 4 6 10 13 16 20 23 24 28 30 34 38 41 44 47 0
0 3 7 10 13 16 18 21 24 28 30 34 37 40 43 46 0
1 4 7 9 12 16 19 22 25 28 30 33 38 39 43 47 0
0 4 6 9 12 15 19 22 25 28 31 33 36 39 43 46 0
0 4 7 9 12 16 19 22 25 28 30 33 37 40 43 46 0
0 3 6 10 13 15 19 22 25 28 30 34 37 40 42 46 1
0 3 8 9 12 16 19 22 25 27 30 33 36 39 43 46 0
0 3 6 10 13 16 19 21 24 28 30 34 37 40 42 46 1
0 3 6 10 13 16 18 21 24 27 30 34 37 40 42 45 1
0 4 6 10 13 16 18 21 24 28 30 34 37 40 42 47 1
0 3 6 10 13 16 18 21 24 28 30 34 37 40 42 45 1
0 3 6 10 13 16 18 21 24 27 30 34 37 40 42 45 1
1 3 7 9 12 16 19 22 25 27 30 33 36 40 42 47 0
0 3 6 10 13 16 18 21 24 28 30 34 37 40 42 45 1
1 3 6 9 12 16 19 22 25 28 30 33 36 40 43 46 0
0 3 6 10 13 16 18 21 24 28 30 34 37 40 43 45 0
0 3 7 9 12 16 19 22 25 28 30 33 37 39 42 46 1
1 4 7 9 12 15 19 22 25 28 30 33 36 39 43 46 1
0 4 7 10 13 16 18 21 24 28 30 34 37 40 42 46 1
0 4 6 10 13 16 19 22 24 27 31 34 37 40 43 46 0
0 4 7 10 13 16 19 23 24 27 30 33 38 41 43 47 1
0 3 6 9 12 16 18 22 25 27 31 34 37 40 43 45 1
1 3 6 9 12 15 19 22 25 28 30 33 36 39 43 46 1
0 3 7 9 12 15 19 22 25 27 30 33 36 39 43 47 1
1 3 7 9 12 15 19 22 25 27 30 33 36 39 43 47 1
0 4 7 9 12 16 18 22 25 28 30 33 37 40 42 46 0
1 4 7 9 12 15 19 22 25 28 30 33 37 39 42 46 0
1 4 7 9 14 16 18 23 24 27 31 33 37 40 42 47 1
1 4 7 9 13 16 18 22 26 28 30 33 37 40 42 47 1
0 4 6 10 13 16 18 21 24 27 31 34 37 40 42 45 0
0 4 6 9 13 16 18 21 26 27 30 34 37 40 42 46 0
1 4 6 10 12 15 19 22 25 27 31 33 36 40 42 46 1
0 4 6 10 13 16 18 21 24 27 30 34 37 40 42 46 0
1 4 7 9 12 15 19 22 25 27 31 33 36 39 42 46 0
1 5 7 9 12 16 19 22 25 28 30 33 36 39 43 47 0
0 4 6 10 13 16 18 21 24 28 30 34 37 40 42 45 1
1 5 7 9 12 15 19 22 25 27 30 33 36 39 43 47 0
1 3 7 9 12 15 19 22 25 27 31 33 36 39 43 47 1
0 3 7 9 12 15 19 22 25 27 30 33 36 39 43 46 0
0 4 7 9 12 16 19 22 26 27 31 34 36 39 43 46 1
0 3 6 10 13 16 18 21 24 28 31 34 37 40 42 47 1
0 3 7 9 12 16 19 22 24 27 31 33 36 40 44 46 1
1 3 7 9 12 15 19 22 25 27 30 33 36 39 43 46 1
1 3 7 9 12 15 19 22 25 28 30 33 36 40 43 46 1
1 3 6 10 13 16 18 21 24 27 31 34 37 40 42 45 0
0 3 6 10 13 16 18 21 24 28 31 34 36 40 42 46 0
0 5 7 11 12 16 19 22 25 28 31 33 38 41 43 46 1
0 4 7 9 13 17 19 21 24 28 31 33 37 39 43 46 1
0 3 6 10 13 15 19 21 25 28 30 33 36 40 42 46 0
0 3 7 9 12 15 19 22 25 28 31 33 36 39 43 46 1
0 3 6 10 13 16 19 21 24 28 30 34 36 40 43 46 0
0 3 6 10 13 16 18 21 24 28 30 34 37 40 42 46 0
1 3 6 10 13 16 18 21 24 28 30 34 37 40 42 45 0
1 3 7 9 12 15 19 22 25 28 30 34 36 39 43 47 1
0 4 7 10 13 16 19 22 25 27 30 34 37 40 42 46 0
0 4 6 9 12 16 19 21 25 27 31 33 36 39 43 46 0
0 3 7 10 13 16 19 22 25 28 30 34 37 40 43 46 0
0 4 6 10 12 16 19 22 25 27 31 33 37 39 43 47 0
0 3 7 10 13 16 19 21 24 28 31 34 37 40 42 46 0
0 4 7 9 12 16 19 22 25 28 30 35 36 39 43 46 1
1 3 7 10 12 15 18 22 25 28 30 33 36 40 43 46 1
0 3 6 10 13 16 18 21 24 27 30 34 37 40 42 45 0
0 3 6 10 13 16 18 21 24 27 30 34 37 40 42 45 1
1 4 7 9 12 16 19 22 25 28 31 34 37 40 42 47 0
0 3 6 10 13 16 18 21 24 28 32 34 37 40 42 46 0
1 3 7 9 12 16 19 22 25 28 30 33 37 39 42 46 0
1 3 7 9 13 16 19 21 25 28 30 33 37 40 42 47 0
1 4 7 9 12 16 19 22 25 28 31 34 37 39 42 46 0
1 4 6 10 13 16 18 21 24 28 31 33 37 39 42 45 0
1 4 6 10 13 16 18 21 24 27 31 33 37 40 42 46 1
0 4 6 9 13 16 18 21 24 28 31 33 37 40 42 45 1
1 3 7 9 12 15 19 22 24 28 31 33 36 39 42 47 1
1 4 7 9 13 16 19 22 24 28 31 33 36 39 43 47 0
0 4 7 9 12 16 19 22 24 28 30 33 36 39 43 46 0
0 4 6 10 13 16 18 21 24 27 30 33 37 40 42 46 1
1 4 7 9 14 16 19 22 24 28 32 35 36 39 43 46 0
1 4 7 9 14 15 19 22 25 28 30 33 36 39 43 47 0
0 4 7 10 13 16 18 21 24 27 31 34 38 40 42 45 1
0 4 7 11 13 16 18 22 24 28 32 33 37 40 44 46 0
0 4 6 10 13 16 18 21 24 27 30 34 37 40 42 46 0
0 4 6 10 13 16 18 21 24 27 31 34 36 40 42 45 0
1 5 7 9 12 15 19 22 25 27 31 33 36 39 43 46 0
0 4 6 10 13 16 20 23 24 27 32 35 37 41 44 47 0
0 3 6 10 13 16 18 21 24 27 30 34 37 40 42 46 1
0 3 6 10 13 16 18 21 24 27 30 34 37 40 42 46 1
1 4 7 9 12 16 20 22 25 27 31 33 37 39 43 46 0
1 4 7 9 13 16 19 22 25 28 31 33 37 40 42 47 1
1 4 6 10 13 16 18 21 24 27 31 33 37 40 42 47 0
1 4 7 9 13 16 18 22 25 28 31 33 36 39 42 46 1
1 4 7 10 13 16 18 21 24 27 31 34 37 40 42 46 0
1 4 6 9 13 16 18 21 24 27 31 34 37 40 43 45 1
0 5 7 9 13 16 18 22 24 27 31 33 36 39 42 47 1
1 4 7 9 13 16 18 22 25 27 31 33 36 40 42 47 1
0 4 7 10 13 16 18 21 24 27 30 34 37 40 42 47 1
1 3 7 9 12 15 19 22 25 29 31 33 36 39 43 47 0
2 5 6 9 14 16 20 21 24 27 31 34 36 40 42 47 1
1 4 6 9 12 15 18 22 25 27 31 33 36 39 43 45 1
1 4 6 10 13 16 18 21 24 27 31 34 37 40 42 46 1
2 5 8 11 12 16 18 22 25 27 30 34 37 39 42 47 0
1 4 8 11 14 16 18 21 24 27 31 33 37 39 42 46 0
1 4 7 11 12 15 18 22 24 27 31 35 36 39 43 46 1
1 4 7 9 13 16 18 22 24 27 31 33 37 39 43 46 1
1 4 6 9 13 17 18 21 24 27 31 33 37 40 42 46 1
0 4 7 9 13 16 18 22 24 27 30 33 36 39 42 46 0
0 4 6 10 14 16 18 21 24 28 30 34 37 40 42 45 1
0 4 6 10 13 16 18 23 24 27 32 35 38 40 42 47 1
0 4 6 10 13 16 18 21 24 28 31 34 37 40 42 45 0
2 3 7 10 12 16 19 22 25 28 30 34 36 40 42 46 0
0 4 6 10 13 16 18 21 24 28 30 34 38 40 42 45 0
1 4 6 10 13 16 18 21 24 28 30 34 37 40 42 46 0
0 3 6 10 13 16 18 21 24 27 30 34 37 40 42 46 0
1 3 7 9 13 16 18 21 25 28 30 33 37 40 42 46 1
0 3 6 10 13 16 18 21 24 27 31 34 37 40 42 45 0
1 3 7 9 12 16 19 22 25 27 30 34 38 40 43 46 0
0 3 6 10 13 16 18 21 24 27 30 34 37 40 42 45 0
0 3 6 10 13 16 18 21 24 27 31 34 37 40 42 46 1
1 3 7 9 12 16 19 22 25 28 31 33 36 39 42 46 1
0 3 6 10 13 16 18 21 24 28 30 34 37 40 42 46 0
1 4 7 10 13 16 19 22 24 28 32 35 38 40 42 46 1
1 4 7 9 12 15 19 22 25 27 30 33 36 39 42 46 1
0 4 7 9 12 16 19 22 26 28 30 33 36 39 42 46 1
1 4 6 10 13 16 18 21 24 28 30 33 37 40 42 46 0
1 4 7 9 12 15 19 22 25 28 31 33 37 39 42 46 0
1 4 7 9 12 15 19 22 24 28 30 33 36 39 42 46 1
1 4 7 9 12 15 19 22 25 27 30 33 36 39 42 46 1
1 4 7 10 13 16 19 22 24 28 30 33 37 40 42 46 1
0 4 7 9 13 16 19 22 24 27 31 33 37 39 43 46 0
0 3 7 9 12 16 19 22 25 27 31 33 36 39 43 46 0
0 4 7 9 12 16 19 22 25 27 31 33 36 40 43 46 1
0 4 7 9 12 17 19 22 25 28 31 33 38 40 43 46 0
0 3 7 9 12 15 19 22 24 28 31 33 36 39 43 47 0
1 3 7 9 12 15 19 22 25 28 30 33 36 39 43 46 0
0 3 6 10 13 16 19 22 24 28 30 34 37 40 42 46 0
2 5 8 9 12 15 19 22 25 28 30 33 37 39 43 46 0
1 3 7 9 14 15 19 22 25 28 30 34 36 41 43 46 0
0 3 7 10 13 16 18 21 25 28 30 34 37 40 42 46 1
0 3 7 9 12 15 19 22 25 28 30 33 36 39 42 46 0
0 5 6 10 13 16 18 21 24 27 31 34 37 40 42 46 1
0 3 6 10 13 16 20 23 26 29 30 34 37 40 42 46 0
0 4 6 10 13 16 18 21 24 28 30 34 37 40 44 45 1
