@relation wine-rm_attr_w_10p_missing-rm_inst_w_missing-rm_attr_1-weka.filters.unsupervised.attribute.Discretize-D-F-B8-M-1.0-Rfirst-last-nominal2binarysplit_minmulti.py-choose_class.py-vclasse_1

@0	item_0 = 1
@1	item_1 = 2
@2	item_2 = 3
@3	item_3 = 4
@4	item_4 = 5
@5	item_5 = 6
@6	item_6 = 7
@7	item_7 = 8
@8	item_8 = 9
@9	item_9 = 10
@10	item_10 = 11
@11	item_11 = 12
@12	item_12 = 13
@13	item_13 = 14
@14	item_14 = 15
@15	item_15 = 16
@16	item_16 = 17
@17	item_17 = 18
@18	item_18 = 19
@19	item_19 = 20
@20	item_20 = 21
@21	item_21 = 22
@22	item_22 = 23
@23	item_23 = 24
@24	item_24 = 25
@25	item_25 = 26
@26	item_26 = 27
@27	item_27 = 28
@28	item_28 = 29
@29	item_29 = 30
@30	item_30 = 31
@31	item_31 = 32
@32	item_32 = 33
@33	item_33 = 34
@34	item_34 = 35
@35	item_35 = 36
@36	item_36 = 37
@37	item_37 = 38
@38	item_38 = 39
@39	item_39 = 40
@40	item_40 = 41
@41	item_41 = 42
@42	item_42 = 43
@43	item_43 = 44
@44	item_44 = 45
@class:	1='classe_1'	 0={'classe_2'}
@data

0 5 8 11 13 18 21 25 26 31 33 36 40 44 1
0 4 8 10 13 17 21 25 26 29 33 36 40 44 0
0 4 8 12 14 17 21 25 27 31 34 36 40 44 0
0 5 8 12 13 18 21 25 26 31 34 35 40 44 0
0 4 9 12 15 18 21 25 27 30 33 36 39 43 1
0 5 8 11 13 18 21 25 27 31 34 36 39 44 1
0 5 8 11 13 17 20 24 27 31 33 36 40 44 1
0 5 8 12 13 18 20 24 27 29 33 36 40 44 1
0 6 7 10 13 17 21 25 27 31 33 37 39 44 0
0 5 7 10 13 17 21 25 26 30 34 36 40 44 1
0 5 8 11 14 18 21 25 26 31 34 37 40 44 0
0 5 7 11 13 17 20 24 26 30 33 37 39 44 0
0 5 8 11 13 16 20 25 27 30 33 37 39 44 0
0 5 8 11 13 16 21 25 28 31 33 37 39 44 1
0 5 8 11 13 17 21 25 27 31 34 37 39 44 1
0 5 8 12 13 18 21 25 27 30 34 37 39 44 0
0 5 8 12 14 18 21 25 27 31 34 37 39 44 1
0 5 7 12 14 18 21 25 27 30 34 37 39 44 1
0 5 7 11 13 18 21 25 27 31 34 37 39 44 1
0 5 9 12 13 18 21 25 26 30 33 36 40 44 1
0 5 7 11 13 18 21 25 26 31 34 37 40 43 1
0 4 9 12 14 17 20 24 26 31 33 36 40 43 0
0 5 8 11 13 17 21 25 26 30 33 37 41 44 1
0 4 7 12 13 17 20 24 26 30 33 37 40 44 1
0 5 8 12 14 17 20 24 26 30 32 37 40 44 0
0 4 8 12 15 18 21 25 28 31 32 37 40 44 0
0 4 8 12 13 17 21 25 27 30 33 36 40 44 1
0 4 8 10 13 17 20 24 26 30 33 36 39 44 0
0 5 8 12 14 18 21 25 27 30 33 37 40 44 1
0 5 8 10 13 17 21 24 26 31 33 36 40 44 0
0 5 7 12 15 17 21 25 27 31 34 37 39 44 1
0 5 7 11 14 18 21 25 26 31 34 37 39 44 1
0 5 8 11 13 18 20 25 27 31 33 37 39 44 0
0 5 7 12 14 18 21 25 28 30 33 37 39 44 0
0 5 8 12 14 18 20 24 27 30 33 37 39 44 0
0 5 8 11 14 17 21 25 26 31 33 36 40 44 0
0 4 7 12 13 18 20 25 27 30 33 37 39 44 1
0 4 7 12 14 17 20 24 27 30 33 37 39 44 1
0 4 7 10 13 17 20 24 26 30 32 37 39 44 1
0 5 9 12 13 18 21 25 26 31 33 36 40 43 0
0 5 8 11 13 18 21 25 27 31 34 36 40 43 0
0 4 9 10 14 16 20 25 26 30 33 36 39 44 0
0 5 8 12 13 17 21 25 26 30 33 36 40 44 1
0 4 9 11 13 17 21 24 27 30 33 35 39 43 1
0 4 8 10 13 18 21 25 26 31 33 36 40 44 1
0 5 9 11 14 18 21 25 27 29 33 36 40 44 0
0 5 9 11 13 17 21 25 26 31 33 36 40 44 1
0 5 8 10 13 17 21 25 26 31 34 36 40 44 0
0 5 8 11 14 17 21 25 27 31 34 37 39 44 0
0 5 8 10 13 18 21 25 27 31 34 37 40 44 0
0 4 8 10 13 17 21 25 26 31 34 37 39 44 0
0 5 7 12 13 17 20 25 26 31 33 37 40 44 0
0 5 8 11 13 18 22 25 27 31 34 36 40 44 0
0 5 8 12 13 18 21 25 27 30 34 37 39 44 0
0 5 8 10 13 18 20 25 26 30 34 36 40 44 1
0 5 8 11 14 18 21 25 26 31 34 36 40 44 0
0 5 8 11 13 18 21 25 26 31 34 36 40 44 0
0 4 8 12 13 17 21 25 27 30 34 37 39 44 0
0 5 7 12 13 18 21 25 26 31 34 36 39 44 1
1 3 7 10 13 16 20 23 26 29 32 36 38 42 0
1 3 7 11 13 17 20 23 28 29 32 37 38 43 0
1 4 7 10 13 17 20 23 28 29 34 36 38 42 1
1 5 7 10 14 17 20 24 27 29 33 37 39 43 1
1 3 7 10 14 16 21 25 26 31 33 37 39 42 0
1 3 7 12 14 18 19 24 28 29 32 37 38 42 0
1 3 7 12 14 17 20 25 27 31 33 37 39 43 1
1 4 7 10 13 16 21 25 26 31 33 37 40 42 0
1 3 7 10 14 16 20 24 26 29 33 37 40 42 0
1 4 7 11 13 18 20 23 28 29 32 36 38 43 0
1 3 7 10 13 18 19 23 26 31 32 37 40 43 1
1 3 7 10 14 17 19 23 27 30 32 36 38 44 0
1 5 7 12 15 16 21 25 26 31 32 37 40 42 0
1 5 7 10 15 16 19 24 26 29 33 36 39 42 0
1 4 8 12 15 18 21 25 26 31 32 37 40 44 1
1 3 7 11 15 17 21 24 26 30 32 36 40 44 0
1 3 8 10 13 17 19 24 27 29 33 37 38 42 1
1 4 7 10 13 16 20 24 26 30 33 37 39 42 0
1 3 9 10 14 18 19 23 28 29 32 36 39 42 1
1 3 7 10 13 18 19 24 27 31 32 36 39 43 0
1 4 9 11 15 17 21 24 28 31 32 37 40 42 0
1 3 7 10 14 16 20 24 27 30 32 37 40 42 0
1 4 8 10 14 16 20 24 26 30 33 37 40 43 1
1 3 7 12 15 16 20 24 27 30 32 37 39 43 1
1 4 9 11 15 16 19 24 28 30 33 35 38 42 0
1 3 7 12 14 17 20 24 26 31 32 35 40 42 1
1 4 7 10 14 17 20 24 27 30 32 37 40 42 0
1 3 7 11 15 16 19 24 28 30 32 37 38 42 1
1 3 8 12 15 16 19 24 27 29 32 37 40 43 1
1 3 8 11 15 16 20 24 28 30 32 36 39 43 0
1 3 7 11 15 16 20 24 27 30 32 37 40 43 0
1 3 8 11 14 16 19 24 28 30 32 37 38 42 0
1 3 7 11 15 16 19 23 28 30 32 36 39 42 1
1 4 7 10 14 16 19 23 28 30 32 36 38 42 0
1 3 9 10 14 16 20 24 26 31 32 37 40 42 0
1 3 8 11 14 17 21 24 26 30 32 37 39 42 1
1 3 7 10 14 18 20 24 27 31 32 37 39 44 0
1 3 8 12 15 18 19 23 26 30 32 36 38 43 1
1 3 7 10 13 16 20 24 27 30 32 37 39 42 1
1 3 7 10 14 16 21 25 26 31 33 36 39 43 0
1 3 9 10 14 16 21 25 28 31 32 37 39 42 0
1 3 8 10 13 17 20 24 26 30 32 37 39 43 1
1 4 7 10 14 16 19 23 27 30 32 36 39 43 0
1 3 8 11 15 17 20 24 27 29 32 35 40 42 0
1 3 8 10 14 16 20 24 27 30 32 36 39 42 1
1 3 8 10 14 16 20 24 27 30 32 36 40 43 1
1 3 8 10 15 16 19 24 28 30 32 35 40 42 0
1 3 8 10 14 16 19 24 27 30 32 36 40 42 0
1 4 8 11 15 16 19 24 28 30 32 36 39 42 1
1 3 7 10 14 17 20 24 27 31 32 35 40 42 0
1 3 7 12 14 17 21 25 27 31 32 36 40 43 0
1 3 9 10 14 18 21 24 26 31 32 35 39 43 0
1 4 8 10 15 16 20 24 26 29 32 36 39 42 0
1 3 9 12 14 17 19 24 28 29 33 37 39 43 0
1 3 7 12 15 16 20 24 27 30 32 37 39 42 1
1 3 7 12 15 16 20 24 28 29 32 36 40 42 1
1 3 7 10 15 16 20 24 28 31 32 37 39 42 1
1 3 7 10 15 16 20 24 27 30 32 36 40 42 0
1 3 7 10 15 18 20 24 27 30 32 36 39 42 0
1 4 9 10 13 16 19 23 28 29 32 35 38 42 0
1 3 9 10 14 16 20 24 27 31 32 36 40 43 1
1 3 8 11 14 17 21 25 27 30 32 35 40 43 1
1 3 8 12 15 18 21 25 28 31 34 36 40 42 1
1 3 9 12 15 17 20 24 28 30 32 36 40 42 0
1 4 9 10 15 16 21 25 27 31 32 35 40 42 1
1 3 9 11 15 16 21 25 26 31 32 35 40 42 0
1 3 8 10 15 16 20 25 27 30 32 35 40 42 0
1 3 7 11 15 16 21 25 27 30 33 35 39 42 0
1 3 8 12 15 17 20 24 28 30 32 36 39 42 1
1 3 7 11 15 16 20 24 27 31 32 36 39 42 0
1 3 9 11 15 16 20 24 27 30 32 35 39 43 1
2 4 7 11 14 18 19 23 26 29 33 35 38 43 0
2 4 9 11 14 18 19 23 26 29 33 35 38 43 0
2 4 8 11 15 17 19 23 26 29 34 35 38 43 1
2 4 9 11 15 18 19 23 26 29 33 35 38 43 1
2 3 7 10 13 16 20 23 28 29 33 35 38 43 0
2 4 8 10 14 17 19 23 28 29 34 35 38 43 1
2 3 9 12 15 16 19 23 28 29 33 35 38 43 0
2 4 9 12 15 17 19 23 28 29 33 35 38 42 1
2 5 9 10 14 16 19 23 28 29 34 35 38 43 1
2 4 9 12 15 17 20 23 28 29 33 36 38 43 1
2 4 9 12 15 17 19 23 28 29 33 35 39 43 1
2 4 9 11 14 16 19 23 27 29 33 35 39 43 1
2 5 9 12 15 17 19 23 28 29 33 36 38 42 0
2 5 9 11 14 17 20 23 28 29 33 36 38 43 1
2 3 9 10 14 18 19 23 27 29 34 35 38 44 0
2 4 9 10 15 17 19 23 28 29 33 35 38 44 1
2 5 9 10 14 16 19 23 27 29 33 35 38 42 0
2 4 9 11 15 16 19 23 28 29 34 35 38 43 0
2 4 9 11 15 17 20 23 28 29 34 35 38 43 0
2 4 9 11 15 18 19 23 27 29 34 35 38 43 1
2 5 9 12 15 18 19 24 26 29 34 35 38 42 1
2 4 9 11 15 18 19 23 26 29 34 35 38 42 0
2 4 8 12 15 18 20 23 26 30 34 35 38 42 0
2 4 9 11 14 17 19 23 28 31 34 35 38 43 1
2 4 7 10 14 17 19 23 28 30 34 35 38 43 0
2 4 9 11 15 17 19 23 28 30 34 35 38 43 0
2 5 9 11 14 16 19 23 28 30 34 35 38 42 1
2 3 9 12 15 17 19 23 28 29 34 35 38 44 1
2 5 8 12 15 17 21 23 28 31 34 35 38 43 1
2 5 8 12 15 16 20 23 28 31 34 35 38 43 0
2 3 9 11 15 16 20 23 28 29 34 35 38 42 1
2 5 9 12 14 18 19 23 28 29 34 36 38 43 1
2 4 9 12 15 18 19 23 28 29 33 36 38 43 1
2 4 9 11 14 18 19 23 27 29 33 35 38 43 1
2 5 9 11 15 16 19 23 27 29 34 35 38 43 0
2 5 9 10 15 16 19 23 28 29 34 35 38 42 1
2 4 9 12 15 18 19 23 28 30 34 35 38 43 0
2 4 9 11 14 16 19 23 27 29 34 35 38 43 0
2 5 9 12 15 18 19 23 27 30 34 35 38 43 0
2 4 9 12 15 18 20 23 26 29 34 35 38 43 0
2 3 9 11 14 17 19 23 27 29 33 35 38 42 1
2 4 8 11 14 16 19 23 28 29 34 35 38 42 0
2 5 8 11 14 16 19 23 28 29 34 35 38 43 0
2 5 9 11 14 17 19 23 28 29 34 35 38 43 0
2 4 9 11 15 17 19 23 28 30 34 35 38 43 1
2 4 9 10 14 18 19 23 28 30 34 35 38 44 1
2 4 9 11 14 18 19 23 28 30 34 35 38 44 1
2 5 9 12 15 17 20 23 28 30 34 35 38 43 0
